Serie N.º 1	Serie N.º 1	Serie N.º 1	Serie N.º 1	Serie N.º 1	Serie N.º 1	Serie N.º 1	Serie N.º 1
Tiempo (s)	ángulo (rad)	Vector velocidad angular (rad/s)	Aceleración angular (rad/s²)	Posición (m)	Vector velocidad (m/s)	Aceleración (m/s²)	Intensidad luminosa (%)
0,000	0,000			0,0000			
0,040	0,000	0,000		0,0000	0,000		
0,080	0,000	0,000	0,000	0,0000	0,000	0,000	12,0
0,120	0,000	0,000	0,000	0,0000	0,000	0,000	11,9
0,160	0,000	0,000	0,000	0,0000	0,000	0,000	11,9
0,200	0,000	0,000	0,000	0,0000	0,000	0,000	11,9
0,240	0,000	0,000	0,000	0,0000	0,000	0,000	12,3
0,280	0,000	0,000	0,000	0,0000	0,000	0,000	11,8
0,320	0,000	0,000	0,000	0,0000	0,000	0,000	11,7
0,360	0,000	0,000	0,000	0,0000	0,000	0,000	11,9
0,400	0,000	0,000	0,000	0,0000	0,000	0,000	11,5
0,440	0,000	0,000	0,000	0,0000	0,000	0,000	11,8
0,480	0,000	0,000	0,000	0,0000	0,000	0,000	11,8
0,520	0,000	0,000	0,000	0,0000	0,000	0,000	11,9
0,560	0,000	0,000	0,000	0,0000	0,000	0,000	11,8
0,600	0,000	0,000	0,000	0,0000	0,000	0,000	11,9
0,640	0,000	0,000	0,000	0,0000	0,000	0,000	11,9
0,680	0,000	0,000	0,000	0,0000	0,000	0,000	11,8
0,720	0,000	0,000	0,000	0,0000	0,000	0,000	11,5
0,760	0,000	0,000	0,000	0,0000	0,000	0,000	11,7
0,800	0,000	0,000	0,000	0,0000	0,000	0,000	11,8
0,840	0,000	0,000	0,000	0,0000	0,000	0,000	11,6
0,880	0,000	0,000	0,000	0,0000	0,000	0,000	11,7
0,920	0,000	0,000	0,000	0,0000	0,000	0,000	11,8
0,960	0,000	0,000	0,000	0,0000	0,000	0,000	11,7
1,000	0,000	0,000	0,000	0,0000	0,000	0,000	11,5
1,040	0,000	0,000	0,000	0,0000	0,000	0,000	11,7
1,080	0,000	0,000	0,000	0,0000	0,000	0,000	11,5
1,120	0,000	0,000	0,000	0,0000	0,000	0,000	11,8
1,160	0,000	0,000	0,000	0,0000	0,000	0,000	11,7
1,200	0,000	0,000	0,000	0,0000	0,000	0,000	11,7
1,240	0,000	0,000	0,000	0,0000	0,000	0,000	11,7
1,280	0,000	0,000	0,000	0,0000	0,000	0,000	11,7
1,320	0,000	0,000	0,000	0,0000	0,000	0,000	11,7
1,360	0,000	0,000	0,000	0,0000	0,000	0,000	11,5
1,400	0,000	0,000	0,000	0,0000	0,000	0,000	11,8
1,440	0,000	0,000	0,000	0,0000	0,000	0,000	11,8
1,480	0,000	0,000	0,000	0,0000	0,000	0,000	11,7
1,520	0,000	0,000	0,000	0,0000	0,000	0,000	11,5
1,560	0,000	0,000	0,000	0,0000	0,000	0,000	11,7
1,600	0,000	0,000	0,000	0,0000	0,000	0,000	11,5
1,640	0,000	0,000	0,000	0,0000	0,000	0,000	11,4
1,680	0,000	0,000	0,000	0,0000	0,000	0,000	11,8
1,720	0,000	0,000	0,000	0,0000	0,000	0,000	11,7
1,760	0,000	0,000	0,000	0,0000	0,000	0,000	11,6
1,800	0,000	0,000	0,000	0,0000	0,000	0,000	11,7
1,840	0,000	0,000	0,000	0,0000	0,000	0,000	11,4
1,880	0,000	0,000	0,000	0,0000	0,000	0,000	11,4
1,920	0,000	0,000	0,000	0,0000	0,000	0,000	11,5
1,960	0,000	0,000	0,000	0,0000	0,000	0,000	11,5
2,000	0,000	0,000	0,000	0,0000	0,000	0,000	11,5
2,040	0,000	0,000	0,000	0,0000	0,000	0,000	11,6
2,080	0,000	0,000	0,000	0,0000	0,000	0,000	11,4
2,120	0,000	0,000	0,000	0,0000	0,000	0,000	11,6
2,160	0,000	0,000	0,000	0,0000	0,000	0,000	11,3
2,200	0,000	0,000	0,000	0,0000	0,000	0,000	11,5
2,240	0,000	0,000	0,000	0,0000	0,000	0,000	13,0
2,280	0,000	0,000	0,000	0,0000	0,000	0,000	11,7
2,320	0,000	0,000	0,000	0,0000	0,000	0,000	11,5
2,360	0,000	0,000	0,000	0,0000	0,000	0,000	11,5
2,400	0,000	0,000	0,000	0,0000	0,000	0,000	11,4
2,440	0,000	0,000	0,000	0,0000	0,000	0,000	11,4
2,480	0,000	0,000	0,000	0,0000	0,000	0,000	11,5
2,520	0,000	0,000	0,000	0,0000	0,000	0,000	11,5
2,560	0,000	0,000	0,000	0,0000	0,000	0,000	11,5
2,600	0,000	0,000	0,000	0,0000	0,000	0,000	11,3
2,640	0,000	0,000	0,000	0,0000	0,000	0,000	12,8
2,680	0,000	0,000	0,000	0,0000	0,000	0,000	11,5
2,720	0,000	0,000	0,000	0,0000	0,000	0,000	11,4
2,760	0,000	0,000	0,000	0,0000	0,000	0,000	11,3
2,800	0,000	0,000	0,000	0,0000	0,000	0,000	11,4
2,840	0,000	0,000	0,000	0,0000	0,000	0,000	11,2
2,880	0,000	0,000	0,000	0,0000	0,000	0,000	11,3
2,920	0,000	0,000	0,000	0,0000	0,000	0,000	11,3
2,960	0,000	0,000	0,000	0,0000	0,000	0,000	11,4
3,000	0,000	0,000	0,000	0,0000	0,000	0,000	11,4
3,040	0,000	0,000	0,000	0,0000	0,000	0,000	11,4
3,080	0,000	0,000	0,000	0,0000	0,000	0,000	11,9
3,120	0,000	0,000	0,000	0,0000	0,000	0,000	11,7
3,160	0,000	0,000	0,000	0,0000	0,000	0,000	11,9
3,200	0,000	0,000	0,000	0,0000	0,000	0,000	12,1
3,240	0,000	0,000	0,000	0,0000	0,000	0,000	12,1
3,280	0,000	0,000	0,000	0,0000	0,000	0,000	13,6
3,320	0,000	0,000	0,000	0,0000	0,000	0,000	12,1
3,360	0,000	0,000	0,000	0,0000	0,000	0,000	12,2
3,400	0,000	0,000	0,000	0,0000	0,000	0,000	12,1
3,440	0,000	0,000	0,000	0,0000	0,000	0,000	12,2
3,480	0,000	0,000	0,000	0,0000	0,000	0,000	12,4
3,520	0,000	0,000	0,000	0,0000	0,000	0,000	12,4
3,560	0,000	0,000	0,000	0,0000	0,000	0,000	13,0
3,600	0,000	0,000	0,000	0,0000	0,000	0,000	13,6
3,640	0,000	0,000	0,000	0,0000	0,000	0,000	13,7
3,680	0,000	0,000	0,000	0,0000	0,000	0,000	13,7
3,720	0,000	0,000	0,000	0,0000	0,000	0,000	14,2
3,760	0,000	0,000	0,000	0,0000	0,000	0,000	14,7
3,800	0,000	0,000	0,000	0,0000	0,000	0,000	15,6
3,840	0,000	0,000	0,000	0,0000	0,000	0,000	16,0
3,880	0,000	0,000	0,000	0,0000	0,000	0,000	16,5
3,920	0,000	0,000	0,000	0,0000	0,000	0,000	17,4
3,960	0,000	0,000	0,000	0,0000	0,000	0,000	17,9
4,000	0,000	0,000	0,000	0,0000	0,000	0,000	18,8
4,040	0,000	0,000	0,000	0,0000	0,000	0,000	22,4
4,080	0,000	0,000	0,000	0,0000	0,000	0,000	24,9
4,120	0,000	0,000	0,000	0,0000	0,000	0,000	27,4
4,160	0,000	0,000	0,000	0,0000	0,000	0,000	27,1
4,200	0,000	0,000	0,000	0,0000	0,000	0,000	27,8
4,240	0,000	0,000	0,000	0,0000	0,000	0,000	28,9
4,280	0,000	0,000	0,000	0,0000	0,000	0,000	25,0
4,320	0,000	0,000	0,000	0,0000	0,000	0,000	25,1
4,360	0,000	0,000	0,000	0,0000	0,000	0,000	22,9
4,400	0,000	0,000	0,000	0,0000	0,000	0,000	23,4
4,440	0,000	0,000	0,000	0,0000	0,000	0,000	20,1
4,480	0,000	0,000	0,000	0,0000	0,000	0,000	20,3
4,520	0,000	0,000	0,000	0,0000	0,000	0,000	20,2
4,560	0,000	0,000	0,000	0,0000	0,000	0,000	20,4
4,600	0,000	0,000	0,000	0,0000	0,000	0,000	18,6
4,640	0,000	0,000	0,000	0,0000	0,000	0,000	18,8
4,680	0,000	0,000	0,000	0,0000	0,000	0,000	21,1
4,720	0,000	0,000	0,000	0,0000	0,000	0,000	20,1
4,760	0,000	0,000	0,000	0,0000	0,000	0,000	20,7
4,800	0,000	0,000	0,000	0,0000	0,000	0,000	22,8
4,840	0,000	0,000	0,000	0,0000	0,000	0,000	24,3
4,880	0,000	0,000	0,000	0,0000	0,000	0,000	23,1
4,920	0,000	0,000	0,000	0,0000	0,000	0,000	26,2
4,960	0,000	0,000	0,000	0,0000	0,000	0,000	28,1
5,000	0,000	0,000	0,000	0,0000	0,000	0,000	28,3
5,040	0,000	0,000	0,000	0,0000	0,000	0,000	29,1
5,080	0,000	0,000	0,000	0,0000	0,000	0,000	29,9
5,120	0,000	0,000	0,000	0,0000	0,000	0,000	32,5
5,160	0,000	0,000	0,000	0,0000	0,000	0,000	36,3
5,200	0,000	0,000	0,000	0,0000	0,000	0,000	37,9
5,240	0,000	0,000	0,000	0,0000	0,000	0,000	39,0
5,280	0,000	0,000	0,000	0,0000	0,000	0,000	40,1
5,320	0,000	0,000	0,000	0,0000	0,000	0,000	40,1
5,360	0,000	0,000	8,181	0,0000	0,000	0,195	46,1
5,400	0,000	0,654	27,271	0,0000	0,016	0,651	49,0
5,440	0,052	2,182	40,906	0,0012	0,052	0,977	53,4
5,480	0,175	3,927	35,452	0,0042	0,094	0,846	60,9
5,520	0,367	5,018	19,090	0,0087	0,120	0,456	67,5
5,560	0,576	5,454	10,908	0,0137	0,130	0,260	97,1
5,600	0,803	5,890	-2,727	0,0192	0,141	-0,065	98,6
5,640	1,047	5,236	-19,090	0,0250	0,125	-0,456	98,6
5,680	1,222	4,363	-8,181	0,0292	0,104	-0,195	98,6
5,720	1,396	4,581	13,635	0,0333	0,109	0,326	52,1
5,760	1,588	5,454	19,090	0,0379	0,130	0,456	19,2
5,800	1,833	6,109	5,454	0,0437	0,146	0,130	11,5
5,840	2,077	5,890	-8,181	0,0496	0,141	-0,195	9,7
5,880	2,304	5,454	-10,908	0,0550	0,130	-0,260	9,7
5,920	2,513	5,018	-10,908	0,0600	0,120	-0,260	7,7
5,960	2,705	4,581	-2,727	0,0646	0,109	-0,065	7,9
6,000	2,880	4,800	16,362	0,0687	0,115	0,391	6,4
6,040	3,089	5,890	27,271	0,0737	0,141	0,651	5,9
6,080	3,351	6,981	24,544	0,0800	0,167	0,586	5,4
6,120	3,648	7,854	10,908	0,0871	0,187	0,260	4,9
6,160	3,979	7,854	-8,181	0,0950	0,187	-0,195	4,4
6,200	4,276	7,199	-8,181	0,1021	0,172	-0,195	4,1
6,240	4,555	7,199	-2,109E-13	0,1087	0,172	-2,082E-15	3,6
6,280	4,852	7,199	-13,635	0,1158	0,172	-0,326	3,3
6,320	5,131	6,109	-21,817	0,1225	0,146	-0,521	2,9
6,360	5,341	5,454	-16,362	0,1275	0,130	-0,391	2,6
6,400	5,568	4,800	-16,362	0,1329	0,115	-0,391	2,5
6,440	5,725	4,145	-2,727	0,1367	0,099	-0,065	2,2
6,480	5,899	4,581	2,727	0,1408	0,109	0,065	2,1
6,520	6,091	4,363	2,727	0,1454	0,104	0,065	2,1
6,560	6,248	4,800	27,271	0,1492	0,115	0,651	2,1
6,600	6,475	6,545	40,906	0,1546	0,156	0,977	1,9
6,640	6,772	8,072	24,544	0,1617	0,193	0,586	1,9
6,680	7,121	8,508	2,727	0,1700	0,203	0,065	1,8
6,720	7,453	8,290	-2,727	0,1779	0,198	-0,065	1,6
6,760	7,784	8,290	-8,181	0,1858	0,198	-0,195	1,5
6,800	8,116	7,636	-29,998	0,1937	0,182	-0,716	1,4
6,840	8,395	5,890	-46,360	0,2004	0,141	-1,107	1,2
6,880	8,587	3,927	-43,633	0,2050	0,094	-1,042	1,1
6,920	8,709	2,400	-24,544	0,2079	0,057	-0,586	1,1
6,960	8,779	1,963	-5,454	0,2096	0,047	-0,130	1,0
7,000	8,866	1,963	-2,727	0,2117	0,047	-0,065	1,0
7,040	8,936	1,745	2,727	0,2133	0,042	0,065	0,9
7,080	9,006	2,182	16,362	0,2150	0,052	0,391	1,0
7,120	9,111	3,054	19,090	0,2175	0,073	0,456	0,9
7,160	9,250	3,709	13,635	0,2208	0,089	0,326	0,9
7,200	9,407	4,145	10,908	0,2246	0,099	0,260	0,9
7,240	9,582	4,581	5,454	0,2287	0,109	0,130	0,9
7,280	9,774	4,581	2,776E-13	0,2333	0,109	4,337E-15	0,8
7,320	9,948	4,581	5,454	0,2375	0,109	0,130	0,8
7,360	10,140	5,018	13,635	0,2421	0,120	0,326	0,8
7,400	10,350	5,672	2,727	0,2471	0,135	0,065	0,8
7,440	10,594	5,236	-21,817	0,2529	0,125	-0,521	0,8
7,480	10,769	3,927	-16,362	0,2571	0,094	-0,391	0,8
7,520	10,908	3,927	19,090	0,2604	0,094	0,456	0,8
7,560	11,083	5,454	46,360	0,2646	0,130	1,107	0,7
7,600	11,345	7,636	40,906	0,2708	0,182	0,977	0,6
7,640	11,694	8,727	13,635	0,2792	0,208	0,326	0,7
7,680	12,043	8,727	-8,181	0,2875	0,208	-0,195	0,6
7,720	12,392	8,072	-24,544	0,2958	0,193	-0,586	0,6
7,760	12,689	6,763	-27,271	0,3029	0,161	-0,651	0,5
7,800	12,933	5,890	-10,908	0,3087	0,141	-0,260	0,5
7,840	13,160	5,890	-5,454	0,3142	0,141	-0,130	0,5
7,880	13,404	5,454	-13,635	0,3200	0,130	-0,326	0,5
7,920	13,596	4,800	-13,635	0,3246	0,115	-0,326	0,5
7,960	13,788	4,363	-10,908	0,3292	0,104	-0,260	0,5
8,000	13,945	3,927	-5,454	0,3329	0,094	-0,130	0,4
8,040	14,102	3,927	-5,454	0,3367	0,094	-0,130	0,4
8,080	14,259	3,491	-13,635	0,3404	0,083	-0,326	0,4
8,120	14,382	2,836	-5,454	0,3433	0,068	-0,130	0,4
8,160	14,486	3,054	8,181	0,3458	0,073	0,195	0,4
8,200	14,626	3,491	5,454	0,3492	0,083	0,130	0,4
8,240	14,765	3,491	2,727	0,3525	0,083	0,065	0,4
8,280	14,905	3,709	5,454	0,3558	0,089	0,130	0,4
8,320	15,062	3,927	0,000	0,3596	0,094	0,000	0,4
8,360	15,219	3,709	-2,727	0,3633	0,089	-0,065	0,4
8,400	15,359	3,709	10,908	0,3667	0,089	0,260	0,4
8,440	15,516	4,581	16,362	0,3704	0,109	0,391	0,4
8,480	15,725	5,018	-2,727	0,3754	0,120	-0,065	0,3
8,520	15,917	4,363	-16,362	0,3800	0,104	-0,391	0,3
8,560	16,074	3,709	-10,908	0,3837	0,089	-0,260	0,3
8,600	16,214	3,491	-10,908	0,3871	0,083	-0,260	0,3
8,640	16,354	2,836	-19,090	0,3904	0,068	-0,456	0,3
8,680	16,441	1,963	-21,817	0,3925	0,047	-0,521	0,3
8,720	16,511	1,091	-16,362	0,3942	0,026	-0,391	0,4
8,760	16,528	0,654	0,000	0,3946	0,016	8,674E-15	0,3
8,800	16,563	1,091	16,362	0,3954	0,026	0,391	0,4
8,840	16,616	1,963	24,544	0,3967	0,047	0,586	0,3
8,880	16,720	3,054	10,908	0,3992	0,073	0,260	0,4
8,920	16,860	2,836	-19,090	0,4025	0,068	-0,456	0,4
8,960	16,947	1,527	-24,544	0,4046	0,036	-0,586	0,4
9,000	16,982	0,873	-2,727	0,4054	0,021	-0,065	0,4
9,040	17,017	1,309	21,817	0,4062	0,031	0,521	0,3
9,080	17,087	2,618	21,817	0,4079	0,062	0,521	0,4
9,120	17,226	3,054	-2,727	0,4112	0,073	-0,065	0,3
9,160	17,331	2,400	-5,454	0,4137	0,057	-0,130	0,3
9,200	17,418	2,618	2,727	0,4158	0,062	0,065	0,3
9,240	17,541	2,618	-10,908	0,4187	0,063	-0,260	0,4
9,280	17,628	1,745	-8,181	0,4208	0,042	-0,195	0,3
9,320	17,680	1,963	2,727	0,4221	0,047	0,065	0,4
9,360	17,785	1,963	-10,908	0,4246	0,047	-0,260	0,4
9,400	17,837	1,091	-10,908	0,4258	0,026	-0,260	0,4
9,440	17,872	1,091	-2,727	0,4267	0,026	-0,065	0,5
9,480	17,925	0,873	-8,181	0,4279	0,021	-0,195	0,5
9,520	17,942	0,436	-8,181	0,4283	0,010	-0,195	0,5
9,560	17,959	0,218	-5,454	0,4287	0,005	-0,130	0,6
9,600	17,959	0,000	-2,727	0,4287	0,000	-0,065	0,6
9,640	17,959	0,000	0,000	0,4287	0,000	0,000	0,6
9,680	17,959	0,000	0,000	0,4287	0,000	0,000	0,6
9,720	17,959	0,000	0,000	0,4287	0,000	0,000	0,6
9,760	17,959	0,000	-2,727	0,4287	0,000	-0,065	0,6
9,800	17,959	-0,218	-2,727	0,4287	-0,005	-0,065	0,6
9,840	17,942	-0,218	2,727	0,4283	-0,005	0,065	0,6
9,880	17,942	0,000	2,727	0,4283	0,000	0,065	0,6
9,920	17,942	0,000	0,000	0,4283	0,000	0,000	0,6
9,960	17,942	0,000	0,000	0,4283	0,000	0,000	0,6
10,000	17,942	0,000	0,000	0,4283	0,000	0,000	0,6
10,040	17,942	0,000	0,000	0,4283	0,000	0,000	0,7
10,080	17,942	0,000	0,000	0,4283	0,000	0,000	0,6
10,120	17,942	0,000	2,727	0,4283	0,000	0,065	0,6
10,160	17,942	0,218	2,727	0,4283	0,005	0,065	0,6
10,200	17,959	0,218	10,908	0,4287	0,005	0,260	0,8
10,240	17,959	1,091	32,725	0,4287	0,026	0,781	0,6
10,280	18,047	2,836	35,452	0,4308	0,068	0,846	0,6
10,320	18,186	3,927	19,090	0,4342	0,094	0,456	0,6
10,360	18,361	4,363	8,181	0,4383	0,104	0,195	0,6
10,400	18,535	4,581	2,727	0,4425	0,109	0,065	0,7
10,440	18,727	4,581	5,454	0,4471	0,109	0,130	0,8
10,480	18,902	5,018	10,908	0,4512	0,120	0,260	0,6
10,520	19,129	5,454	2,727	0,4567	0,130	0,065	0,5
10,560	19,338	5,236	-10,908	0,4617	0,125	-0,260	0,4
10,600	19,548	4,581	-16,362	0,4667	0,109	-0,391	0,3
10,640	19,705	3,927	-8,181	0,4704	0,094	-0,195	0,3
10,680	19,862	3,927	5,454	0,4742	0,094	0,130	0,3
10,720	20,019	4,363	10,908	0,4779	0,104	0,260	0,5
10,760	20,211	4,800	10,908	0,4825	0,115	0,260	0,3
10,800	20,403	5,236	5,454	0,4871	0,125	0,130	0,3
10,840	20,630	5,236	-2,727	0,4925	0,125	-0,065	0,3
10,880	20,822	5,018	0,000	0,4971	0,120	0,000	0,3
10,920	21,031	5,236	2,727	0,5021	0,125	0,065	0,3
10,960	21,241	5,236	8,181	0,5071	0,125	0,195	0,3
11,000	21,450	5,890	13,635	0,5121	0,141	0,326	0,3
11,040	21,712	6,327	-2,727	0,5183	0,151	-0,065	0,3
11,080	21,956	5,672	-19,090	0,5242	0,135	-0,456	0,3
11,120	22,166	4,800	-13,635	0,5292	0,115	-0,326	0,3
11,160	22,340	4,581	-2,727	0,5333	0,109	-0,065	0,4
11,200	22,532	4,581	-5,454	0,5379	0,109	-0,130	0,5
11,240	22,707	4,145	-16,362	0,5421	0,099	-0,391	0,6
11,280	22,864	3,272	-19,090	0,5458	0,078	-0,456	0,5
11,320	22,969	2,618	-13,635	0,5483	0,062	-0,326	0,5
11,360	23,073	2,182	-5,454	0,5508	0,052	-0,130	0,5
11,400	23,143	2,182	2,727	0,5525	0,052	0,065	0,5
11,440	23,248	2,400	-2,727	0,5550	0,057	-0,065	0,5
11,480	23,335	1,963	-8,181	0,5571	0,047	-0,195	0,5
11,520	23,405	1,745	-8,181	0,5587	0,042	-0,195	0,5
11,560	23,475	1,309	-5,454	0,5604	0,031	-0,130	0,8
11,600	23,510	1,309	16,362	0,5612	0,031	0,391	0,5
11,640	23,579	2,618	24,544	0,5629	0,062	0,586	0,5
11,680	23,719	3,272	5,454	0,5662	0,078	0,130	0,6
11,720	23,841	3,054	-8,181	0,5692	0,073	-0,195	0,6
11,760	23,963	2,618	-13,635	0,5721	0,062	-0,326	0,6
11,800	24,051	1,963	-10,908	0,5742	0,047	-0,260	0,9
11,840	24,120	1,745	0,000	0,5758	0,042	0,000	1,2
11,880	24,190	1,963	8,181	0,5775	0,047	0,195	1,3
11,920	24,278	2,400	16,362	0,5796	0,057	0,391	1,6
11,960	24,382	3,272	19,090	0,5821	0,078	0,456	2,0
12,000	24,539	3,927	8,181	0,5858	0,094	0,195	2,6
12,040	24,696	3,927	-5,454	0,5896	0,094	-0,130	3,9
12,080	24,853	3,491	-13,635	0,5933	0,083	-0,326	4,6
12,120	24,976	2,836	-10,908	0,5962	0,068	-0,260	5,3
12,160	25,080	2,618	-5,454	0,5987	0,062	-0,130	5,1
12,200	25,185	2,400	-5,454	0,6012	0,057	-0,130	4,3
12,240	25,272	2,182	-10,908	0,6033	0,052	-0,260	3,4
12,280	25,360	1,527	-13,635	0,6054	0,036	-0,326	3,4
12,320	25,395	1,091	-2,727	0,6062	0,026	-0,065	2,2
12,360	25,447	1,309	2,526E-13	0,6075	0,031	-7,242E-15	1,5
12,400	25,499	1,091	0,000	0,6088	0,026	-1,735E-14	1,1
12,440	25,534	1,309	5,454	0,6096	0,031	0,130	1,0
12,480	25,604	1,527	8,181	0,6112	0,036	0,195	1,1
12,520	25,656	1,963	10,908	0,6125	0,047	0,260	0,8
12,560	25,761	2,400	0,000	0,6150	0,057	-1,735E-14	0,6
12,600	25,848	1,963	-5,454	0,6171	0,047	-0,130	0,6
12,640	25,918	1,963	-8,181	0,6187	0,047	-0,195	0,6
12,680	26,005	1,309	-21,817	0,6208	0,031	-0,521	0,5
12,720	26,023	0,218	-13,635	0,6212	0,005	-0,326	0,5
12,760	26,023	0,218	13,635	0,6212	0,005	0,326	0,5
12,800	26,040	1,309	19,090	0,6217	0,031	0,456	0,5
12,840	26,128	1,745	0,000	0,6237	0,042	1,735E-14	0,5
12,880	26,180	1,309	-8,181	0,6250	0,031	-0,195	0,5
12,920	26,232	1,091	5,454	0,6262	0,026	0,130	0,5
12,960	26,267	1,745	13,635	0,6271	0,042	0,326	0,7
13,000	26,372	2,182	-8,181	0,6296	0,052	-0,195	0,5
13,040	26,442	1,091	-21,817	0,6312	0,026	-0,521	0,5
13,080	26,459	0,436	-10,908	0,6317	0,010	-0,260	0,4
13,120	26,477	0,218	-5,454	0,6321	0,005	-0,130	0,4
13,160	26,477	0,000	-2,727	0,6321	0,000	-0,065	0,4
13,200	26,477	0,000	2,727	0,6321	0,000	0,065	0,6
13,240	26,477	0,218	2,727	0,6321	0,005	0,065	0,4
13,280	26,494	0,218	-2,727	0,6325	0,005	-0,065	0,6
13,320	26,494	0,000	-2,727	0,6325	0,000	-0,065	0,6
13,360	26,494	0,000	0,000	0,6325	0,000	0,000	0,6
13,400	26,494	0,000	0,000	0,6325	0,000	0,000	0,4
13,440	26,494	0,000	0,000	0,6325	0,000	0,000	0,4
13,480	26,494	0,000	0,000	0,6325	0,000	0,000	0,4
13,520	26,494	0,000	0,000	0,6325	0,000	0,000	0,4
13,560	26,494	0,000	0,000	0,6325	0,000	0,000	0,4
13,600	26,494	0,000	0,000	0,6325	0,000	0,000	0,5
13,640	26,494	0,000	0,000	0,6325	0,000	0,000	0,4
13,680	26,494	0,000	0,000	0,6325	0,000	0,000	0,5
13,720	26,494	0,000	0,000	0,6325	0,000	0,000	0,6
13,760	26,494	0,000	0,000	0,6325	0,000	0,000	0,4
13,800	26,494	0,000	0,000	0,6325	0,000	0,000	0,4
13,840	26,494	0,000	0,000	0,6325	0,000	0,000	0,4
13,880	26,494	0,000	0,000	0,6325	0,000	0,000	0,4
13,920	26,494	0,000	0,000	0,6325	0,000	0,000	0,6
13,960	26,494	0,000	0,000	0,6325	0,000	0,000	0,7
14,000	26,494	0,000	0,000	0,6325	0,000	0,000	0,5
14,040	26,494	0,000	0,000	0,6325	0,000	0,000	0,4
14,080	26,494	0,000	0,000	0,6325	0,000	0,000	0,6
14,120	26,494	0,000	0,000	0,6325	0,000	0,000	0,6
14,160	26,494	0,000	0,000	0,6325	0,000	0,000	0,5
14,200	26,494	0,000	0,000	0,6325	0,000	0,000	0,5
14,240	26,494	0,000	0,000	0,6325	0,000	0,000	0,6
14,280	26,494	0,000	0,000	0,6325	0,000	0,000	0,4
14,320	26,494	0,000	0,000	0,6325	0,000	0,000	0,5
14,360	26,494	0,000	0,000	0,6325	0,000	0,000	0,7
14,400	26,494	0,000	0,000	0,6325	0,000	0,000	0,7
14,440	26,494	0,000	0,000	0,6325	0,000	0,000	0,5
14,480	26,494	0,000	0,000	0,6325	0,000	0,000	0,4
14,520	26,494	0,000	0,000	0,6325	0,000	0,000	0,4
14,560	26,494	0,000	2,727	0,6325	0,000	0,065	0,4
14,600	26,494	0,218	10,908	0,6325	0,005	0,260	0,7
14,640	26,512	0,873	10,908	0,6329	0,021	0,260	0,6
14,680	26,564	1,091	-5,454	0,6342	0,026	-0,130	0,6
14,720	26,599	0,436	-13,635	0,6350	0,010	-0,326	0,5
14,760	26,599	0,000	-5,454	0,6350	0,000	-0,130	0,5
14,800	26,599	0,000	0,000	0,6350	0,000	0,000	0,6
14,840	26,599	0,000	0,000	0,6350	0,000	0,000	0,6
14,880	26,599	0,000	0,000	0,6350	0,000	0,000	0,6
14,920	26,599	0,000	-2,727	0,6350	0,000	-0,065	0,7
14,960	26,599	-0,218	-2,727	0,6350	-0,005	-0,065	0,6
15,000	26,581	-0,218	2,727	0,6346	-0,005	0,065	0,6
15,040	26,581	0,000	2,727	0,6346	0,000	0,065	0,7
15,080	26,581	0,000	0,000	0,6346	0,000	0,000	0,7
15,120	26,581	0,000	-2,727	0,6346	0,000	-0,065	0,6
15,160	26,581	-0,218	-2,727	0,6346	-0,005	-0,065	0,7
15,200	26,564	-0,218	2,727	0,6342	-0,005	0,065	0,6
15,240	26,564	0,000	0,000	0,6342	0,000	-1,735E-14	0,5
15,280	26,564	-0,218	-13,635	0,6342	-0,005	-0,326	0,7
15,320	26,546	-1,091	-19,090	0,6337	-0,026	-0,456	0,6
15,360	26,477	-1,745	-2,727	0,6321	-0,042	-0,065	0,7
15,400	26,407	-1,309	5,454	0,6304	-0,031	0,130	0,7
15,440	26,372	-1,309	-2,727	0,6296	-0,031	-0,065	0,7
15,480	26,302	-1,527	2,727	0,6279	-0,036	0,065	0,6
15,520	26,250	-1,091	10,908	0,6267	-0,026	0,260	0,8
15,560	26,215	-0,654	10,908	0,6258	-0,016	0,260	0,8
15,600	26,197	-0,218	5,454	0,6254	-0,005	0,130	0,8
15,640	26,197	-0,218	0,000	0,6254	-0,005	0,000	0,8
15,680	26,180	-0,218	2,727	0,6250	-0,005	0,065	0,8
15,720	26,180	0,000	2,727	0,6250	0,000	0,065	0,8
15,760	26,180	0,000	-2,727	0,6250	0,000	-0,065	0,8
15,800	26,180	-0,218	-8,181	0,6250	-0,005	-0,195	0,8
15,840	26,162	-0,654	-5,454	0,6246	-0,016	-0,130	0,7
15,880	26,128	-0,654	0,000	0,6237	-0,016	1,735E-14	0,8
15,920	26,110	-0,654	-2,727	0,6233	-0,016	-0,065	0,8
15,960	26,075	-0,873	-5,454	0,6225	-0,021	-0,130	0,7
16,000	26,040	-1,091	-2,727	0,6217	-0,026	-0,065	0,8
16,040	25,988	-1,091	5,454	0,6204	-0,026	0,130	0,8
16,080	25,953	-0,654	10,908	0,6196	-0,016	0,260	0,7
16,120	25,936	-0,218	5,454	0,6192	-0,005	0,130	0,7
16,160	25,936	-0,218	-2,727	0,6192	-0,005	-0,065	0,9
16,200	25,918	-0,436	-5,454	0,6187	-0,010	-0,130	0,9
16,240	25,901	-0,654	-5,454	0,6183	-0,016	-0,130	0,9
16,280	25,866	-0,873	2,727	0,6175	-0,021	0,065	0,8
16,320	25,831	-0,436	8,181	0,6167	-0,010	0,195	0,9
16,360	25,831	-0,218	7,980E-13	0,6167	-0,005	2,314E-14	0,8
16,400	25,813	-0,436	1,214E-13	0,6162	-0,010	2,895E-15	0,9
16,440	25,796	-0,218	2,727	0,6158	-0,005	0,065	1,0
16,480	25,796	-0,218	-2,727	0,6158	-0,005	-0,065	1,0
16,520	25,779	-0,436	6,765E-13	0,6154	-0,010	2,024E-14	1,0
16,560	25,761	-0,218	2,727	0,6150	-0,005	0,065	1,0
16,600	25,761	-0,218	-1,214E-13	0,6150	-0,005	-2,024E-14	0,9
16,640	25,744	-0,218	2,727	0,6146	-0,005	0,065	1,1
16,680	25,744	0,000	2,727	0,6146	0,000	0,065	1,1
16,720	25,744	0,000	0,000	0,6146	0,000	0,000	1,1
16,760	25,744	0,000	0,000	0,6146	0,000	0,000	1,1
16,800	25,744	0,000	0,000	0,6146	0,000	0,000	1,1
16,840	25,744	0,000	0,000	0,6146	0,000	0,000	1,1
16,880	25,744	0,000	0,000	0,6146	0,000	0,000	1,1
16,920	25,744	0,000	0,000	0,6146	0,000	0,000	0,9
16,960	25,744	0,000	2,727	0,6146	0,000	0,065	1,1
17,000	25,744	0,218	16,362	0,6146	0,005	0,391	1,0
17,040	25,761	1,309	54,542	0,6150	0,031	1,302	0,9
17,080	25,848	4,581	76,358	0,6171	0,109	1,823	0,9
17,120	26,128	7,418	29,998	0,6237	0,177	0,716	0,9
17,160	26,442	6,981	-24,544	0,6312	0,167	-0,586	0,8
17,200	26,686	5,454	-21,817	0,6371	0,130	-0,521	0,8
17,240	26,878	5,236	2,727	0,6417	0,125	0,065	0,7
17,280	27,105	5,672	2,727	0,6471	0,135	0,065	0,7
17,320	27,332	5,454	-2,587E-12	0,6525	0,130	-7,529E-14	0,6
17,360	27,541	5,672	8,181	0,6575	0,135	0,195	0,6
17,400	27,786	6,109	2,587E-12	0,6633	0,146	5,794E-14	0,5
17,440	28,030	5,672	-24,544	0,6692	0,135	-0,586	0,5
17,480	28,239	4,145	-29,998	0,6742	0,099	-0,716	0,5
17,520	28,362	3,272	-5,454	0,6771	0,078	-0,130	0,5
17,560	28,501	3,709	13,635	0,6804	0,089	0,326	0,4
17,600	28,658	4,363	24,544	0,6842	0,104	0,586	0,3
17,640	28,850	5,672	32,725	0,6887	0,135	0,781	0,4
17,680	29,112	6,981	19,090	0,6950	0,167	0,456	0,4
17,720	29,409	7,199	-8,181	0,7021	0,172	-0,195	0,4
17,760	29,688	6,327	-27,271	0,7088	0,151	-0,651	0,4
17,800	29,915	5,018	-27,271	0,7142	0,120	-0,651	0,4
17,840	30,089	4,145	-16,362	0,7183	0,099	-0,391	0,5
17,880	30,247	3,709	-5,454	0,7221	0,089	-0,130	0,4
17,920	30,386	3,709	5,454	0,7254	0,089	0,130	0,4
17,960	30,543	4,145	13,635	0,7292	0,099	0,326	0,4
18,000	30,718	4,800	16,362	0,7333	0,115	0,391	0,4
18,040	30,927	5,454	16,362	0,7383	0,130	0,391	0,3
18,080	31,154	6,109	16,362	0,7437	0,146	0,391	0,4
18,120	31,416	6,763	13,635	0,7500	0,161	0,326	0,4
18,160	31,695	7,199	-5,454	0,7567	0,172	-0,130	0,4
18,200	31,992	6,327	-21,817	0,7637	0,151	-0,521	0,4
18,240	32,201	5,454	-5,454	0,7687	0,130	-0,130	0,4
18,280	32,428	5,890	16,362	0,7742	0,141	0,391	0,4
18,320	32,673	6,763	10,908	0,7800	0,161	0,260	0,4
18,360	32,969	6,763	-16,362	0,7871	0,161	-0,391	0,4
18,400	33,214	5,454	-27,271	0,7929	0,130	-0,651	0,4
18,440	33,406	4,581	-10,908	0,7975	0,109	-0,260	0,4
18,480	33,580	4,581	2,727	0,8017	0,109	0,065	0,3
18,520	33,772	4,800	5,454	0,8062	0,115	0,130	0,3
18,560	33,964	5,018	5,454	0,8108	0,120	0,130	0,4
18,600	34,174	5,236	8,181	0,8158	0,125	0,195	0,4
18,640	34,383	5,672	19,090	0,8208	0,135	0,456	0,4
18,680	34,627	6,763	16,362	0,8267	0,161	0,391	0,4
18,720	34,924	6,981	-2,727	0,8337	0,167	-0,065	0,4
18,760	35,186	6,545	-10,908	0,8400	0,156	-0,260	0,4
18,800	35,448	6,109	-16,362	0,8462	0,146	-0,391	0,3
18,840	35,675	5,236	-21,817	0,8517	0,125	-0,521	0,3
18,880	35,867	4,363	-24,544	0,8562	0,104	-0,586	0,3
18,920	36,024	3,272	-35,452	0,8600	0,078	-0,846	0,4
18,960	36,128	1,527	-38,179	0,8625	0,036	-0,911	0,3
19,000	36,146	0,218	-19,090	0,8629	0,005	-0,456	0,4
19,040	36,146	0,000	-2,727	0,8629	0,000	-0,065	0,3
19,080	36,146	0,000	0,000	0,8629	0,000	0,000	0,4
19,120	36,146	0,000	0,000	0,8629	0,000	0,000	0,4
19,160	36,146	0,000	-2,727	0,8629	0,000	-0,065	0,4
19,200	36,146	-0,218	-2,727	0,8629	-0,005	-0,065	0,4
19,240	36,128	-0,218	2,727	0,8625	-0,005	0,065	0,4
19,280	36,128	0,000	2,727	0,8625	0,000	0,065	0,4
19,320	36,128	0,000	-2,727	0,8625	0,000	-0,065	0,3
19,360	36,128	-0,218	-13,635	0,8625	-0,005	-0,326	0,3
19,400	36,111	-1,091	-35,452	0,8621	-0,026	-0,846	0,3
19,440	36,041	-3,054	-43,633	0,8604	-0,073	-1,042	0,3
19,480	35,867	-4,581	-24,544	0,8562	-0,109	-0,586	0,3
19,520	35,675	-5,018	-13,635	0,8517	-0,120	-0,326	0,3
19,560	35,465	-5,672	-16,362	0,8467	-0,135	-0,391	0,3
19,600	35,221	-6,327	-8,181	0,8408	-0,151	-0,195	0,3
19,640	34,959	-6,327	2,727	0,8346	-0,151	0,065	0,4
19,680	34,715	-6,109	8,181	0,8288	-0,146	0,195	0,3
19,720	34,470	-5,672	13,635	0,8229	-0,135	0,326	0,3
19,760	34,261	-5,018	-3,142E-12	0,8179	-0,120	-7,529E-14	0,3
19,800	34,069	-5,672	-32,725	0,8133	-0,135	-0,781	0,4
19,840	33,807	-7,636	-29,998	0,8071	-0,182	-0,716	0,4
19,880	33,458	-8,072	5,454	0,7987	-0,193	0,130	0,3
19,920	33,161	-7,199	16,362	0,7917	-0,172	0,391	0,3
19,960	32,882	-6,763	19,090	0,7850	-0,161	0,456	0,3
20,000	32,620	-5,672	27,271	0,7787	-0,135	0,651	0,4
20,040	32,428	-4,581	13,635	0,7742	-0,109	0,326	0,3
20,080	32,254	-4,581	-10,908	0,7700	-0,109	-0,260	0,4
20,120	32,062	-5,454	-19,090	0,7654	-0,130	-0,456	0,4
20,160	31,817	-6,109	-8,181	0,7596	-0,146	-0,195	0,4
20,200	31,573	-6,109	5,454	0,7537	-0,146	0,130	0,5
20,240	31,329	-5,672	8,181	0,7479	-0,135	0,195	0,4
20,280	31,119	-5,454	-5,454	0,7429	-0,130	-0,130	0,4
20,320	30,892	-6,109	-8,181	0,7375	-0,146	-0,195	0,4
20,360	30,631	-6,109	5,454	0,7312	-0,146	0,130	0,3
20,400	30,404	-5,672	-2,727	0,7258	-0,135	-0,065	0,4
20,440	30,177	-6,327	-16,362	0,7204	-0,151	-0,391	0,3
20,480	29,897	-6,981	-5,454	0,7137	-0,167	-0,130	0,4
20,520	29,618	-6,763	3,331E-12	0,7071	-0,161	9,263E-14	0,4
20,560	29,356	-6,981	-13,635	0,7008	-0,167	-0,326	0,4
20,600	29,060	-7,854	-10,908	0,6937	-0,187	-0,260	0,4
20,640	28,728	-7,854	5,454	0,6858	-0,188	0,130	0,4
20,680	28,431	-7,418	13,635	0,6787	-0,177	0,326	0,5
20,720	28,135	-6,763	21,817	0,6717	-0,161	0,521	0,4
20,760	27,890	-5,672	21,817	0,6658	-0,135	0,521	0,5
20,800	27,681	-5,018	13,635	0,6608	-0,120	0,326	0,4
20,840	27,489	-4,581	10,908	0,6562	-0,109	0,260	0,5
20,880	27,314	-4,145	5,454	0,6521	-0,099	0,130	0,5
20,920	27,157	-4,145	-2,298E-12	0,6483	-0,099	-5,499E-14	0,5
20,960	26,983	-4,145	10,908	0,6442	-0,099	0,260	0,5
21,000	26,826	-3,272	16,362	0,6404	-0,078	0,391	0,6
21,040	26,721	-2,836	1,815E-12	0,6379	-0,068	6,072E-14	0,6
21,080	26,599	-3,272	-5,454	0,6350	-0,078	-0,130	0,6
21,120	26,459	-3,272	2,727	0,6317	-0,078	0,065	0,6
21,160	26,337	-3,054	5,454	0,6287	-0,073	0,130	0,7
21,200	26,215	-2,836	8,181	0,6258	-0,068	0,195	0,7
21,240	26,110	-2,400	13,635	0,6233	-0,057	0,326	0,7
21,280	26,023	-1,745	10,908	0,6212	-0,042	0,260	0,7
21,320	25,970	-1,527	4,163E-13	0,6200	-0,036	5,811E-15	0,7
21,360	25,901	-1,745	-5,454	0,6183	-0,042	-0,130	0,8
21,400	25,831	-1,963	-2,727	0,6167	-0,047	-0,065	0,9
21,440	25,744	-1,963	8,181	0,6146	-0,047	0,195	0,9
21,480	25,674	-1,309	13,635	0,6129	-0,031	0,326	0,9
21,520	25,639	-0,873	8,181	0,6121	-0,021	0,195	1,0
21,560	25,604	-0,654	2,727	0,6112	-0,016	0,065	1,2
21,600	25,587	-0,654	-8,181	0,6108	-0,016	-0,195	1,5
21,640	25,552	-1,309	-13,635	0,6100	-0,031	-0,326	1,9
21,680	25,482	-1,745	7,272E-13	0,6083	-0,042	3,469E-14	2,1
21,720	25,412	-1,309	13,635	0,6067	-0,031	0,326	2,1
21,760	25,377	-0,654	10,908	0,6058	-0,016	0,260	2,8
21,800	25,360	-0,436	2,727	0,6054	-0,010	0,065	3,3
21,840	25,342	-0,436	2,727	0,6050	-0,010	0,065	4,0
21,880	25,325	-0,218	2,429E-13	0,6046	-0,005	2,314E-14	4,5
21,920	25,325	-0,436	-8,181	0,6046	-0,010	-0,195	4,8
21,960	25,290	-0,873	-10,908	0,6038	-0,021	-0,260	4,8
22,000	25,255	-1,309	-8,181	0,6029	-0,031	-0,195	5,2
22,040	25,185	-1,527	2,727	0,6012	-0,036	0,065	5,5
22,080	25,133	-1,091	10,908	0,6000	-0,026	0,260	6,2
22,120	25,098	-0,654	8,181	0,5992	-0,016	0,195	6,9
22,160	25,080	-0,436	3,636E-13	0,5987	-0,010	-8,674E-15	7,6
22,200	25,063	-0,654	-5,454	0,5983	-0,016	-0,130	7,8
22,240	25,028	-0,873	-5,454	0,5975	-0,021	-0,130	7,9
22,280	24,993	-1,091	-2,727	0,5967	-0,026	-0,065	8,0
22,320	24,941	-1,091	2,727	0,5954	-0,026	0,065	8,1
22,360	24,906	-0,873	5,454	0,5946	-0,021	0,130	8,4
22,400	24,871	-0,654	2,727	0,5937	-0,016	0,065	8,2
22,440	24,853	-0,654	-5,454	0,5933	-0,016	-0,130	8,2
22,480	24,819	-1,091	-8,181	0,5925	-0,026	-0,195	7,8
22,520	24,766	-1,309	-5,454	0,5912	-0,031	-0,130	7,7
22,560	24,714	-1,527	-5,454	0,5900	-0,036	-0,130	7,6
22,600	24,644	-1,745	-2,727	0,5883	-0,042	-0,065	7,0
22,640	24,574	-1,745	2,727	0,5867	-0,042	0,065	6,3
22,680	24,504	-1,527	10,908	0,5850	-0,036	0,260	5,8
22,720	24,452	-0,873	8,181	0,5838	-0,021	0,195	4,8
22,760	24,435	-0,873	-5,454	0,5833	-0,021	-0,130	3,9
22,800	24,382	-1,309	-8,181	0,5821	-0,031	-0,195	3,1
22,840	24,330	-1,527	-5,454	0,5808	-0,036	-0,130	2,8
22,880	24,260	-1,745	-5,454	0,5792	-0,042	-0,130	2,6
22,920	24,190	-1,963	-8,181	0,5775	-0,047	-0,195	2,1
22,960	24,103	-2,400	-8,181	0,5754	-0,057	-0,195	1,7
23,000	23,998	-2,618	-2,727	0,5729	-0,062	-0,065	1,3
23,040	23,894	-2,618	-2,727	0,5704	-0,062	-0,065	1,1
23,080	23,789	-2,836	-5,454	0,5679	-0,068	-0,130	1,0
23,120	23,667	-3,054	-2,727	0,5650	-0,073	-0,065	0,9
23,160	23,544	-3,054	1,144E-12	0,5621	-0,073	4,042E-14	0,9
23,200	23,422	-3,054	2,727	0,5592	-0,073	0,065	0,8
23,240	23,300	-2,836	2,727	0,5562	-0,068	0,065	0,8
23,280	23,195	-2,836	-1,571E-12	0,5537	-0,068	-3,764E-14	0,8
23,320	23,073	-2,836	1,571E-12	0,5508	-0,068	3,764E-14	0,8
23,360	22,969	-2,836	-2,727	0,5483	-0,068	-0,065	0,7
23,400	22,846	-3,054	-5,454	0,5454	-0,073	-0,130	0,7
23,440	22,724	-3,272	-5,454	0,5425	-0,078	-0,130	0,7
23,480	22,585	-3,491	2,727	0,5392	-0,083	0,065	0,6
23,520	22,445	-3,054	13,635	0,5358	-0,073	0,326	0,7
23,560	22,340	-2,400	10,908	0,5333	-0,057	0,260	0,6
23,600	22,253	-2,182	-1,887E-12	0,5312	-0,052	-4,918E-14	0,6
23,640	22,166	-2,400	-2,727	0,5292	-0,057	-0,065	0,6
23,680	22,061	-2,400	8,181	0,5267	-0,057	0,195	0,5
23,720	21,974	-1,745	10,908	0,5246	-0,042	0,260	0,6
23,760	21,921	-1,527	2,727	0,5233	-0,036	0,065	0,6
23,800	21,852	-1,527	8,181	0,5217	-0,036	0,195	0,5
23,840	21,799	-0,873	10,908	0,5204	-0,021	0,260	0,5
23,880	21,782	-0,654	2,727	0,5200	-0,016	0,065	0,6
23,920	21,747	-0,654	-2,727	0,5192	-0,016	-0,065	0,5
23,960	21,729	-0,873	-8,181	0,5187	-0,021	-0,195	0,5
24,000	21,677	-1,309	-13,635	0,5175	-0,031	-0,326	0,5
24,040	21,625	-1,963	-13,635	0,5163	-0,047	-0,326	0,5
24,080	21,520	-2,400	-8,181	0,5137	-0,057	-0,195	0,5
24,120	21,433	-2,618	-8,181	0,5117	-0,063	-0,195	0,5
24,160	21,310	-3,054	1,454E-12	0,5087	-0,073	3,469E-14	0,5
24,200	21,188	-2,618	10,908	0,5058	-0,062	0,260	0,5
24,240	21,101	-2,182	10,908	0,5037	-0,052	0,260	0,5
24,280	21,014	-1,745	13,635	0,5017	-0,042	0,326	0,5
24,320	20,961	-1,091	13,635	0,5004	-0,026	0,326	0,5
24,360	20,926	-0,654	8,181	0,4996	-0,016	0,195	0,5
24,400	20,909	-0,436	5,454	0,4992	-0,010	0,130	0,5
24,440	20,892	-0,218	2,727	0,4987	-0,005	0,065	0,5
24,480	20,892	-0,218	-5,454	0,4987	-0,005	-0,130	0,5
24,520	20,874	-0,654	-5,454	0,4983	-0,016	-0,130	0,5
24,560	20,839	-0,654	2,727	0,4975	-0,016	0,065	0,4
24,600	20,822	-0,436	2,727	0,4971	-0,010	0,065	0,5
24,640	20,804	-0,436	-5,551E-13	0,4967	-0,010	-8,674E-15	0,5
24,680	20,787	-0,436	7,980E-13	0,4962	-0,010	5,790E-15	0,5
24,720	20,769	-0,436	2,429E-13	0,4958	-0,010	5,790E-15	0,5
24,760	20,752	-0,436	-2,727	0,4954	-0,010	-0,065	0,5
24,800	20,735	-0,654	3,123E-13	0,4950	-0,016	2,884E-15	0,5
24,840	20,700	-0,436	5,454	0,4942	-0,010	0,130	0,5
24,880	20,700	-0,218	-3,123E-13	0,4942	-0,005	-2,884E-15	0,5
24,920	20,682	-0,436	-2,727	0,4937	-0,010	-0,065	0,5
24,960	20,665	-0,436	-2,429E-13	0,4933	-0,010	2,884E-15	0,5
25,000	20,647	-0,436	-3,123E-13	0,4929	-0,010	1,446E-14	0,5
25,040	20,630	-0,436	7,980E-13	0,4925	-0,010	-2,884E-15	0,5
25,080	20,612	-0,436	2,727	0,4921	-0,010	0,065	0,5
25,120	20,595	-0,218	2,727	0,4917	-0,005	0,065	0,5
25,160	20,595	-0,218	-4,337E-13	0,4917	-0,005	2,895E-15	0,4
25,200	20,577	-0,218	2,727	0,4912	-0,005	0,065	0,5
25,240	20,577	0,000	4,337E-13	0,4912	0,000	-2,895E-15	0,5
25,280	20,577	-0,218	-2,727	0,4912	-0,005	-0,065	0,4
25,320	20,560	-0,218	-2,727	0,4908	-0,005	-0,065	0,5
25,360	20,560	-0,436	-8,181	0,4908	-0,010	-0,195	0,4
25,400	20,525	-0,873	-5,454	0,4900	-0,021	-0,130	0,5
25,440	20,490	-0,873	-1,041E-12	0,4892	-0,021	-1,158E-14	0,5
25,480	20,455	-0,873	4,857E-13	0,4883	-0,021	2,025E-14	0,5
25,520	20,420	-0,873	1,041E-12	0,4875	-0,021	2,906E-15	0,5
25,560	20,385	-0,873	-4,857E-13	0,4867	-0,021	-1,158E-14	0,5
25,600	20,351	-0,873	-2,727	0,4858	-0,021	-0,065	0,5
25,640	20,316	-1,091	-5,454	0,4850	-0,026	-0,130	0,5
25,680	20,263	-1,309	4,996E-14	0,4837	-0,031	1,444E-14	0,5
25,720	20,211	-1,091	2,727	0,4825	-0,026	0,065	0,5
25,760	20,176	-1,091	-6,051E-13	0,4817	-0,026	-1,444E-14	0,5
25,800	20,124	-1,091	5,454	0,4804	-0,026	0,130	0,5
25,840	20,089	-0,654	8,181	0,4796	-0,016	0,195	0,5
25,880	20,071	-0,436	5,454	0,4792	-0,010	0,130	0,5
25,920	20,054	-0,218	-7,980E-13	0,4787	-0,005	2,884E-15	0,5
25,960	20,054	-0,436	-10,908	0,4787	-0,010	-0,260	0,5
26,000	20,019	-1,091	-5,454	0,4779	-0,026	-0,130	0,5
26,040	19,967	-0,873	8,181	0,4767	-0,021	0,195	0,5
26,080	19,949	-0,436	2,727	0,4762	-0,010	0,065	0,5
26,120	19,932	-0,654	-5,454	0,4758	-0,016	-0,130	0,5
26,160	19,897	-0,873	3,636E-13	0,4750	-0,021	0,000	0,5
26,200	19,862	-0,654	5,454	0,4742	-0,016	0,130	0,5
26,240	19,844	-0,436	2,727	0,4737	-0,010	0,065	0,5
26,280	19,827	-0,436	3,123E-13	0,4733	-0,010	-1,446E-14	0,5
26,320	19,809	-0,436	-2,727	0,4729	-0,010	-0,065	0,5
26,360	19,792	-0,654	-5,454	0,4725	-0,016	-0,130	0,5
26,400	19,757	-0,873	-2,727	0,4717	-0,021	-0,065	0,5
26,440	19,722	-0,873	-2,727	0,4708	-0,021	-0,065	0,5
26,480	19,687	-1,091	-5,454	0,4700	-0,026	-0,130	0,5
26,520	19,635	-1,309	-2,727	0,4687	-0,031	-0,065	0,5
26,560	19,583	-1,309	-7,272E-13	0,4675	-0,031	-1,735E-14	0,5
26,600	19,530	-1,309	-7,272E-13	0,4662	-0,031	-8,674E-15	0,5
26,640	19,478	-1,309	2,727	0,4650	-0,031	0,065	0,4
26,680	19,426	-1,091	5,454	0,4637	-0,026	0,130	0,5
26,720	19,391	-0,873	2,727	0,4629	-0,021	0,065	0,5
26,760	19,356	-0,873	2,727	0,4621	-0,021	0,065	0,5
26,800	19,321	-0,654	5,454	0,4612	-0,016	0,130	0,5
26,840	19,303	-0,436	5,454	0,4608	-0,010	0,130	0,5
26,880	19,286	-0,218	2,727	0,4604	-0,005	0,065	0,5
26,920	19,286	-0,218	-2,727	0,4604	-0,005	-0,065	0,5
26,960	19,268	-0,436	-1,214E-13	0,4600	-0,010	-2,895E-15	0,5
27,000	19,251	-0,218	5,454	0,4596	-0,005	0,130	0,5
27,040	19,251	0,000	-4,337E-13	0,4596	0,000	2,895E-15	0,5
27,080	19,251	-0,218	-2,727	0,4596	-0,005	-0,065	0,6
27,120	19,234	-0,218	5,454	0,4592	-0,005	0,130	0,6
27,160	19,234	0,218	5,454	0,4592	0,005	0,130	0,6
27,200	19,251	0,218	-2,727	0,4596	0,005	-0,065	0,5
27,240	19,251	0,000	-2,727	0,4596	0,000	-0,065	0,6
27,280	19,251	0,000	0,000	0,4596	0,000	0,000	0,5
27,320	19,251	0,000	0,000	0,4596	0,000	0,000	0,5
27,360	19,251	0,000	2,727	0,4596	0,000	0,065	0,5
27,400	19,251	0,218	2,727	0,4596	0,005	0,065	0,5
27,440	19,268	0,218	-2,727	0,4600	0,005	-0,065	0,5
27,480	19,268	0,000	-2,727	0,4600	0,000	-0,065	0,5
27,520	19,268	0,000	2,727	0,4600	0,000	0,065	0,5
27,560	19,268	0,218	5,454	0,4600	0,005	0,130	0,5
27,600	19,286	0,436	8,181	0,4604	0,010	0,195	0,5
27,640	19,303	0,873	19,090	0,4608	0,021	0,456	0,5
27,680	19,356	1,963	19,090	0,4621	0,047	0,456	0,5
27,720	19,460	2,400	5,454	0,4646	0,057	0,130	0,5
27,760	19,548	2,400	-2,727	0,4667	0,057	-0,065	0,5
27,800	19,652	2,182	-10,908	0,4692	0,052	-0,260	0,5
27,840	19,722	1,527	-10,908	0,4708	0,036	-0,260	0,5
27,880	19,775	1,309	-8,181	0,4721	0,031	-0,195	0,5
27,920	19,827	0,873	-13,635	0,4733	0,021	-0,326	0,5
27,960	19,844	0,218	-10,908	0,4737	0,005	-0,260	0,5
28,000	19,844	0,000	-2,727	0,4737	0,000	-0,065	0,5
28,040	19,844	0,000	0,000	0,4737	0,000	0,000	0,5
28,080	19,844	0,000	0,000	0,4737	0,000	0,000	0,5
28,120	19,844	0,000	0,000	0,4737	0,000	0,000	0,5
28,160	19,844	0,000	0,000	0,4737	0,000	0,000	0,5
28,200	19,844	0,000	0,000	0,4737	0,000	0,000	0,5
28,240	19,844	0,000	0,000	0,4737	0,000	0,000	0,5
28,280	19,844	0,000	0,000	0,4737	0,000	0,000	0,5
28,320	19,844	0,000	0,000	0,4737	0,000	0,000	0,5
28,360	19,844	0,000	0,000	0,4737	0,000	0,000	0,5
28,400	19,844	0,000	0,000	0,4737	0,000	0,000	0,5
28,440	19,844	0,000	0,000	0,4737	0,000	0,000	0,5
28,480	19,844	0,000	0,000	0,4737	0,000	0,000	0,5
28,520	19,844	0,000	0,000	0,4737	0,000	0,000	0,5
28,560	19,844	0,000	0,000	0,4737	0,000	0,000	0,5
28,600	19,844	0,000	0,000	0,4737	0,000	0,000	0,5
28,640	19,844	0,000	0,000	0,4737	0,000	0,000	0,5
28,680	19,844	0,000	0,000	0,4737	0,000	0,000	0,5
28,720	19,844	0,000	0,000	0,4737	0,000	0,000	0,5
28,760	19,844	0,000	0,000	0,4737	0,000	0,000	0,5
28,800	19,844	0,000	0,000	0,4737	0,000	0,000	0,5
28,840	19,844	0,000	0,000	0,4737	0,000	0,000	0,5
28,880	19,844	0,000	0,000	0,4737	0,000	0,000	0,5
28,920	19,844	0,000	0,000	0,4737	0,000	0,000	0,5
28,960	19,844	0,000	0,000	0,4737	0,000	0,000	0,5
29,000	19,844	0,000	0,000	0,4737	0,000	0,000	0,5
29,040	19,844	0,000	0,000	0,4737	0,000	0,000	0,5
29,080	19,844	0,000	0,000	0,4737	0,000	0,000	0,5
29,120	19,844	0,000	0,000	0,4737	0,000	0,000	0,5
29,160	19,844	0,000	0,000	0,4737	0,000	0,000	0,5
29,200	19,844	0,000	0,000	0,4737	0,000	0,000	0,5
29,240	19,844	0,000	2,727	0,4737	0,000	0,065	0,5
29,280	19,844	0,218	2,727	0,4737	0,005	0,065	0,5
29,320	19,862	0,218	-2,727	0,4742	0,005	-0,065	0,5
29,360	19,862	0,000	-2,727	0,4742	0,000	-0,065	0,5
29,400	19,862	0,000	0,000	0,4742	0,000	0,000	0,5
29,440	19,862	0,000	0,000	0,4742	0,000	0,000	0,5
29,480	19,862	0,000	-2,727	0,4742	0,000	-0,065	0,5
29,520	19,862	-0,218	-2,727	0,4742	-0,005	-0,065	0,4
29,560	19,844	-0,218	2,727	0,4737	-0,005	0,065	0,4
29,600	19,844	0,000	2,727	0,4737	0,000	0,065	0,5
29,640	19,844	0,000	0,000	0,4737	0,000	0,000	0,5
29,680	19,844	0,000	-2,727	0,4737	0,000	-0,065	0,5
29,720	19,844	-0,218	-16,362	0,4737	-0,005	-0,391	0,5
29,760	19,827	-1,309	-27,271	0,4733	-0,031	-0,651	0,5
29,800	19,740	-2,400	-16,362	0,4712	-0,057	-0,391	0,6
29,840	19,635	-2,618	7,772E-13	0,4687	-0,063	4,051E-14	0,6
29,880	19,530	-2,400	5,454	0,4662	-0,057	0,130	0,6
29,920	19,443	-2,182	2,727	0,4642	-0,052	0,065	0,7
29,960	19,356	-2,182	-1,765E-12	0,4621	-0,052	-2,888E-14	0,9
30,000	19,268	-2,182	2,727	0,4600	-0,052	0,065	1,0
30,040	19,181	-1,963	8,181	0,4579	-0,047	0,195	1,1
30,080	19,111	-1,527	2,727	0,4562	-0,036	0,065	1,1
30,120	19,059	-1,745	-10,908	0,4550	-0,042	-0,260	1,2
30,160	18,972	-2,400	-10,908	0,4529	-0,057	-0,260	1,1
30,200	18,867	-2,618	7,772E-13	0,4504	-0,062	3,183E-14	1,1
30,240	18,762	-2,400	13,635	0,4479	-0,057	0,326	1,1
30,280	18,675	-1,527	24,544	0,4458	-0,036	0,586	1,0
30,320	18,640	-0,436	19,090	0,4450	-0,010	0,456	0,8
30,360	18,640	0,000	5,454	0,4450	0,000	0,130	0,7
30,400	18,640	0,000	0,000	0,4450	0,000	0,000	0,7
30,440	18,640	0,000	0,000	0,4450	0,000	0,000	0,7
30,480	18,640	0,000	0,000	0,4450	0,000	0,000	0,7
30,520	18,640	0,000	0,000	0,4450	0,000	0,000	0,7
30,560	18,640	0,000	0,000	0,4450	0,000	0,000	0,7
30,600	18,640	0,000	0,000	0,4450	0,000	0,000	0,7
30,640	18,640	0,000	2,727	0,4450	0,000	0,065	0,7
30,680	18,640	0,218	2,727	0,4450	0,005	0,065	0,7
30,720	18,658	0,218	-6,765E-13	0,4454	0,005	-2,895E-15	0,8
30,760	18,658	0,218	16,362	0,4454	0,005	0,391	0,8
30,800	18,675	1,527	38,179	0,4458	0,036	0,911	0,8
30,840	18,780	3,272	35,452	0,4483	0,078	0,846	1,0
30,880	18,937	4,363	13,635	0,4521	0,104	0,326	1,1
30,920	19,129	4,363	-5,454	0,4567	0,104	-0,130	1,1
30,960	19,286	3,927	-8,181	0,4604	0,094	-0,195	1,1
31,000	19,443	3,709	-2,176E-12	0,4642	0,089	-5,204E-14	1,0
31,040	19,583	3,927	-2,727	0,4675	0,094	-0,065	0,8
31,080	19,757	3,491	-16,362	0,4717	0,083	-0,391	0,6
31,120	19,862	2,618	-13,635	0,4742	0,063	-0,326	0,6
31,160	19,967	2,400	-10,908	0,4767	0,057	-0,260	0,5
31,200	20,054	1,745	-16,362	0,4787	0,042	-0,391	0,5
31,240	20,106	1,091	-10,908	0,4800	0,026	-0,260	0,5
31,280	20,141	0,873	-2,727	0,4808	0,021	-0,065	0,5
31,320	20,176	0,873	-5,454	0,4817	0,021	-0,130	0,5
31,360	20,211	0,436	-10,908	0,4825	0,010	-0,260	0,5
31,400	20,211	0,000	-5,454	0,4825	0,000	-0,130	0,5
31,440	20,211	0,000	0,000	0,4825	0,000	0,000	0,5
31,480	20,211	0,000	0,000	0,4825	0,000	0,000	0,5
31,520	20,211	0,000	0,000	0,4825	0,000	0,000	0,5
31,560	20,211	0,000	0,000	0,4825	0,000	0,000	0,6
31,600	20,211	0,000	0,000	0,4825	0,000	0,000	0,5
31,640	20,211	0,000	0,000	0,4825	0,000	0,000	0,5
31,680	20,211	0,000	-2,727	0,4825	0,000	-0,065	0,5
31,720	20,211	-0,218	-5,454	0,4825	-0,005	-0,130	0,5
31,760	20,193	-0,436	-10,908	0,4821	-0,010	-0,260	0,5
31,800	20,176	-1,091	-49,087	0,4817	-0,026	-1,172	0,6
31,840	20,106	-4,363	-68,177	0,4800	-0,104	-1,628	0,5
31,880	19,827	-6,545	-27,271	0,4733	-0,156	-0,651	0,5
31,920	19,583	-6,545	-16,362	0,4675	-0,156	-0,391	0,5
31,960	19,303	-7,854	-21,817	0,4608	-0,188	-0,521	0,5
32,000	18,954	-8,290	13,635	0,4525	-0,198	0,326	0,6
32,040	18,640	-6,763	27,271	0,4450	-0,161	0,651	0,8
32,080	18,413	-6,109	10,908	0,4396	-0,146	0,260	1,1
32,120	18,151	-5,890	2,727	0,4333	-0,141	0,065	0,9
32,160	17,942	-5,890	-24,544	0,4283	-0,141	-0,586	0,7
32,200	17,680	-7,854	-46,360	0,4221	-0,188	-1,107	0,6
32,240	17,314	-9,599	-29,998	0,4133	-0,229	-0,716	0,6
32,280	16,912	-10,254	-8,181	0,4038	-0,245	-0,195	0,5
32,320	16,493	-10,254	2,727	0,3937	-0,245	0,065	0,5
32,360	16,092	-10,036	5,454	0,3842	-0,240	0,130	0,6
32,400	15,691	-9,817	8,181	0,3746	-0,234	0,195	0,5
32,440	15,307	-9,381	13,635	0,3654	-0,224	0,326	0,5
32,480	14,940	-8,727	16,362	0,3567	-0,208	0,391	0,6
32,520	14,608	-8,072	10,908	0,3487	-0,193	0,260	0,6
32,560	14,294	-7,854	0,000	0,3412	-0,188	-8,674E-15	0,6
32,600	13,980	-8,072	-2,727	0,3338	-0,193	-0,065	0,6
32,640	13,648	-8,072	0,000	0,3258	-0,193	0,000	0,7
32,680	13,334	-8,072	-10,908	0,3183	-0,193	-0,260	0,6
32,720	13,003	-8,945	-19,090	0,3104	-0,214	-0,456	0,6
32,760	12,619	-9,599	-10,908	0,3012	-0,229	-0,260	0,8
32,800	12,235	-9,817	-8,181	0,2921	-0,234	-0,195	0,7
32,840	11,833	-10,254	-13,635	0,2825	-0,245	-0,326	0,8
32,880	11,414	-10,908	-8,181	0,2725	-0,260	-0,195	0,8
32,920	10,961	-10,908	10,908	0,2617	-0,260	0,260	0,9
32,960	10,542	-10,036	19,090	0,2517	-0,240	0,456	1,0
33,000	10,158	-9,381	13,635	0,2425	-0,224	0,326	1,1
33,040	9,791	-8,945	5,454	0,2337	-0,214	0,130	1,1
33,080	9,442	-8,945	-8,181	0,2254	-0,214	-0,195	1,2
33,120	9,076	-9,599	-13,635	0,2167	-0,229	-0,326	1,2
33,160	8,674	-10,036	2,727	0,2071	-0,240	0,065	1,3
33,200	8,273	-9,381	16,362	0,1975	-0,224	0,391	1,4
33,240	7,924	-8,727	2,727	0,1892	-0,208	0,065	1,5
33,280	7,575	-9,163	-10,908	0,1808	-0,219	-0,260	1,7
33,320	7,191	-9,599	-2,727	0,1717	-0,229	-0,065	1,8
33,360	6,807	-9,381	8,181	0,1625	-0,224	0,195	2,0
33,400	6,440	-8,945	8,181	0,1537	-0,214	0,195	2,1
33,440	6,091	-8,727	2,727	0,1454	-0,208	0,065	2,4
33,480	5,742	-8,727	-9,703E-12	0,1371	-0,208	-2,335E-13	2,6
33,520	5,393	-8,727	-9,703E-12	0,1288	-0,208	-2,335E-13	2,9
33,560	5,044	-8,727	-5,454	0,1204	-0,208	-0,130	3,1
33,600	4,695	-9,163	-5,454	0,1121	-0,219	-0,130	3,5
33,640	4,311	-9,163	10,908	0,1029	-0,219	0,260	3,8
33,680	3,962	-8,290	10,908	0,0946	-0,198	0,260	4,4
33,720	3,648	-8,290	-5,454	0,0871	-0,198	-0,130	4,9
33,760	3,299	-8,727	9,215E-12	0,0787	-0,208	2,175E-13	5,6
33,800	2,950	-8,290	13,635	0,0704	-0,198	0,326	6,3
33,840	2,635	-7,636	5,454	0,0629	-0,182	0,130	7,1
33,880	2,339	-7,854	-8,181	0,0558	-0,188	-0,195	8,3
33,920	2,007	-8,290	-5,454	0,0479	-0,198	-0,130	9,6
33,960	1,676	-8,290	-2,727	0,0400	-0,198	-0,065	10,9
34,000	1,344	-8,508	-2,727	0,0321	-0,203	-0,065	12,9
34,040	0,995	-8,508	2,727	0,0237	-0,203	0,065	36,9
34,080	0,663	-8,290	10,908	0,0158	-0,198	0,260	98,6
34,120	0,332	-7,636	29,998	0,0079	-0,182	0,716	98,6
34,160	0,052	-5,890	38,179	0,0012	-0,141	0,911	97,8
34,200	-0,140	-4,581	21,817	-0,0033	-0,109	0,521	25,8
34,240	-0,314	-4,145	13,635	-0,0075	-0,099	0,326	12,0
34,280	-0,471	-3,491	10,908	-0,0112	-0,083	0,260	10,2
34,320	-0,593	-3,272	1,110E-14	-0,0142	-0,078	0,000	9,6
34,360	-0,733	-3,491	-8,181	-0,0175	-0,083	-0,195	8,9
34,400	-0,873	-3,927	-16,362	-0,0208	-0,094	-0,391	8,6
34,440	-1,047	-4,800	-10,908	-0,0250	-0,115	-0,260	7,9
34,480	-1,257	-4,800	-8,181	-0,0300	-0,115	-0,195	7,8
34,520	-1,431	-5,454	-16,362	-0,0342	-0,130	-0,391	7,2
34,560	-1,693	-6,109	-10,908	-0,0404	-0,146	-0,260	6,5
34,600	-1,920	-6,327	-8,181	-0,0458	-0,151	-0,195	6,2
34,640	-2,199	-6,763	-8,181	-0,0525	-0,161	-0,195	5,6
34,680	-2,461	-6,981	-5,454	-0,0587	-0,167	-0,130	5,3
34,720	-2,758	-7,199	-2,727	-0,0658	-0,172	-0,065	4,8
34,760	-3,037	-7,199	-2,727	-0,0725	-0,172	-0,065	4,4
34,800	-3,334	-7,418	5,454	-0,0796	-0,177	0,130	4,2
34,840	-3,630	-6,763	13,635	-0,0867	-0,161	0,326	3,6
34,880	-3,875	-6,327	7,772E-14	-0,0925	-0,151	2,082E-15	3,2
34,920	-4,136	-6,763	-2,727	-0,0987	-0,161	-0,065	2,8
34,960	-4,416	-6,545	10,908	-0,1054	-0,156	0,260	2,6
35,000	-4,660	-5,890	16,362	-0,1112	-0,141	0,391	2,4
35,040	-4,887	-5,236	19,090	-0,1167	-0,125	0,456	2,2
35,080	-5,079	-4,363	16,362	-0,1212	-0,104	0,391	2,1
35,120	-5,236	-3,927	2,727	-0,1250	-0,094	0,065	2,1
35,160	-5,393	-4,145	-5,454	-0,1288	-0,099	-0,130	2,0
35,200	-5,568	-4,363	-10,908	-0,1329	-0,104	-0,260	1,9
35,240	-5,742	-5,018	-13,635	-0,1371	-0,120	-0,326	1,8
35,280	-5,969	-5,454	-13,635	-0,1425	-0,130	-0,326	1,7
35,320	-6,178	-6,109	-16,362	-0,1475	-0,146	-0,391	1,6
35,360	-6,458	-6,763	-10,908	-0,1542	-0,161	-0,260	1,6
35,400	-6,720	-6,981	-10,908	-0,1604	-0,167	-0,260	1,5
35,440	-7,016	-7,636	-5,454	-0,1675	-0,182	-0,130	1,4
35,480	-7,330	-7,418	-8,615E-12	-0,1750	-0,177	-2,023E-13	1,4
35,520	-7,610	-7,636	-10,908	-0,1817	-0,182	-0,260	1,3
35,560	-7,941	-8,290	-2,727	-0,1896	-0,198	-0,065	1,3
35,600	-8,273	-7,854	13,635	-0,1975	-0,188	0,326	1,2
35,640	-8,570	-7,199	8,181	-0,2046	-0,172	0,195	1,1
35,680	-8,849	-7,199	2,776E-13	-0,2112	-0,172	4,510E-15	1,1
35,720	-9,146	-7,199	5,454	-0,2183	-0,172	0,130	1,0
35,760	-9,425	-6,763	19,090	-0,2250	-0,161	0,456	1,0
35,800	-9,687	-5,672	21,817	-0,2312	-0,135	0,521	0,9
35,840	-9,879	-5,018	-2,727	-0,2358	-0,120	-0,065	0,9
35,880	-10,088	-5,890	-19,090	-0,2408	-0,141	-0,456	0,9
35,920	-10,350	-6,545	-10,908	-0,2471	-0,156	-0,260	0,9
35,960	-10,612	-6,763	2,727	-0,2533	-0,161	0,065	0,8
36,000	-10,891	-6,327	13,635	-0,2600	-0,151	0,326	0,8
36,040	-11,118	-5,672	13,635	-0,2654	-0,135	0,326	0,8
36,080	-11,345	-5,236	8,181	-0,2708	-0,125	0,195	0,7
36,120	-11,537	-5,018	-13,635	-0,2754	-0,120	-0,326	0,8
36,160	-11,746	-6,327	-27,271	-0,2804	-0,151	-0,651	0,7
36,200	-12,043	-7,199	-5,454	-0,2875	-0,172	-0,130	0,8
36,240	-12,322	-6,763	5,454	-0,2942	-0,161	0,130	0,7
36,280	-12,584	-6,763	-5,454	-0,3004	-0,161	-0,130	0,7
36,320	-12,863	-7,199	-8,181	-0,3071	-0,172	-0,195	0,7
36,360	-13,160	-7,418	-2,776E-13	-0,3142	-0,177	0,000	0,7
36,400	-13,456	-7,199	5,454	-0,3212	-0,172	0,130	0,6
36,440	-13,736	-6,981	-2,727	-0,3279	-0,167	-0,065	0,7
36,480	-14,015	-7,418	-8,181	-0,3346	-0,177	-0,195	0,8
36,520	-14,329	-7,636	10,908	-0,3421	-0,182	0,260	0,8
36,560	-14,626	-6,545	21,817	-0,3492	-0,156	0,521	0,8
36,600	-14,853	-5,890	10,908	-0,3546	-0,141	0,260	0,8
36,640	-15,097	-5,672	10,908	-0,3604	-0,135	0,260	0,8
36,680	-15,307	-5,018	10,908	-0,3654	-0,120	0,260	0,8
36,720	-15,499	-4,800	5,454	-0,3700	-0,115	0,130	0,7
36,760	-15,691	-4,581	16,362	-0,3746	-0,109	0,391	0,6
36,800	-15,865	-3,491	27,271	-0,3787	-0,083	0,651	0,6
36,840	-15,970	-2,400	19,090	-0,3812	-0,057	0,456	0,5
36,880	-16,057	-1,963	2,727	-0,3833	-0,047	0,065	0,5
36,920	-16,127	-2,182	-8,181	-0,3850	-0,052	-0,195	0,5
36,960	-16,232	-2,618	-2,727	-0,3875	-0,063	-0,065	0,5
37,000	-16,336	-2,400	0,000	-0,3900	-0,057	0,000	0,5
37,040	-16,424	-2,618	-5,454	-0,3921	-0,063	-0,130	0,6
37,080	-16,546	-2,836	-2,727	-0,3950	-0,068	-0,065	0,7
37,120	-16,650	-2,836	-8,181	-0,3975	-0,068	-0,195	0,9
37,160	-16,773	-3,491	-2,592E-12	-0,4004	-0,083	-7,511E-14	1,2
37,200	-16,930	-2,836	21,817	-0,4042	-0,068	0,521	1,4
37,240	-17,000	-1,745	16,362	-0,4058	-0,042	0,391	1,6
37,280	-17,069	-1,527	13,635	-0,4075	-0,036	0,326	1,7
37,320	-17,122	-0,654	19,090	-0,4087	-0,016	0,456	1,7
37,360	-17,122	0,000	5,454	-0,4087	0,000	0,130	1,6
37,400	-17,122	-0,218	-2,727	-0,4087	-0,005	-0,065	1,5
37,440	-17,139	-0,218	2,727	-0,4092	-0,005	0,065	1,5
37,480	-17,139	0,000	2,727	-0,4092	0,000	0,065	1,5
37,520	-17,139	0,000	0,000	-0,4092	0,000	0,000	1,4
37,560	-17,139	0,000	0,000	-0,4092	0,000	0,000	1,5
37,600	-17,139	0,000	0,000	-0,4092	0,000	0,000	1,4
37,640	-17,139	0,000	0,000	-0,4092	0,000	0,000	1,4
37,680	-17,139	0,000	0,000	-0,4092	0,000	0,000	1,4
37,720	-17,139	0,000	2,727	-0,4092	0,000	0,065	1,4
37,760	-17,139	0,218	2,727	-0,4092	0,005	0,065	1,4
37,800	-17,122	0,218	-2,727	-0,4087	0,005	-0,065	1,5
37,840	-17,122	0,000	-2,727	-0,4087	0,000	-0,065	1,4
37,880	-17,122	0,000	0,000	-0,4087	0,000	0,000	1,5
37,920	-17,122	0,000	0,000	-0,4087	0,000	0,000	1,5
37,960	-17,122	0,000	0,000	-0,4087	0,000	0,000	1,5
38,000	-17,122	0,000	0,000	-0,4087	0,000	0,000	1,5
38,040	-17,122	0,000	0,000	-0,4087	0,000	0,000	1,5
38,080	-17,122	0,000	0,000	-0,4087	0,000	0,000	1,6
38,120	-17,122	0,000	0,000	-0,4087	0,000	0,000	1,6
38,160	-17,122	0,000	0,000	-0,4087	0,000	0,000	1,7
38,200	-17,122	0,000	0,000	-0,4087	0,000	0,000	1,7
38,240	-17,122	0,000	0,000	-0,4087	0,000	0,000	1,7
38,280	-17,122	0,000	0,000	-0,4087	0,000	0,000	1,6
38,320	-17,122	0,000	0,000	-0,4087	0,000	0,000	1,7
38,360	-17,122	0,000	0,000	-0,4087	0,000	0,000	1,7
38,400	-17,122	0,000	0,000	-0,4087	0,000	0,000	1,7
38,440	-17,122	0,000	0,000	-0,4087	0,000	0,000	1,6
38,480	-17,122	0,000	0,000	-0,4087	0,000	0,000	1,6
38,520	-17,122	0,000	0,000	-0,4087	0,000	0,000	1,6
38,560	-17,122	0,000	0,000	-0,4087	0,000	0,000	1,6
38,600	-17,122	0,000	0,000	-0,4087	0,000	0,000	1,5
38,640	-17,122	0,000	0,000	-0,4087	0,000	0,000	1,5
38,680	-17,122	0,000	0,000	-0,4087	0,000	0,000	1,5
38,720	-17,122	0,000	0,000	-0,4087	0,000	0,000	1,5
38,760	-17,122	0,000	0,000	-0,4087	0,000	0,000	1,5
38,800	-17,122	0,000	0,000	-0,4087	0,000	0,000	1,6
38,840	-17,122	0,000	0,000	-0,4087	0,000	0,000	1,5
38,880	-17,122	0,000	0,000	-0,4087	0,000	0,000	1,6
38,920	-17,122	0,000	0,000	-0,4087	0,000	0,000	1,6
38,960	-17,122	0,000	0,000	-0,4087	0,000	0,000	1,6
39,000	-17,122	0,000	0,000	-0,4087	0,000	0,000	1,6
39,040	-17,122	0,000	0,000	-0,4087	0,000	0,000	1,6
39,080	-17,122	0,000	0,000	-0,4087	0,000	0,000	1,6
39,120	-17,122	0,000	0,000	-0,4087	0,000	0,000	1,6
39,160	-17,122	0,000	0,000	-0,4087	0,000	0,000	1,6
39,200	-17,122	0,000	0,000	-0,4087	0,000	0,000	1,6
39,240	-17,122	0,000	0,000	-0,4087	0,000	0,000	1,5
39,280	-17,122	0,000	0,000	-0,4087	0,000	0,000	1,5
39,320	-17,122	0,000	0,000	-0,4087	0,000	0,000	1,6
39,360	-17,122	0,000	0,000	-0,4087	0,000	0,000	1,6
39,400	-17,122	0,000	0,000	-0,4087	0,000	0,000	1,5
39,440	-17,122	0,000	0,000	-0,4087	0,000	0,000	1,5
39,480	-17,122	0,000	0,000	-0,4087	0,000	0,000	1,5
39,520	-17,122	0,000	0,000	-0,4087	0,000	0,000	1,5
39,560	-17,122	0,000	0,000	-0,4087	0,000	0,000	1,6
39,600	-17,122	0,000	0,000	-0,4087	0,000	0,000	1,6
39,640	-17,122	0,000	0,000	-0,4087	0,000	0,000	1,6
39,680	-17,122	0,000	0,000	-0,4087	0,000	0,000	1,6
39,720	-17,122	0,000	0,000	-0,4087	0,000	0,000	1,6
39,760	-17,122	0,000	0,000	-0,4087	0,000	0,000	1,6
39,800	-17,122	0,000	0,000	-0,4087	0,000	0,000	1,6
39,840	-17,122	0,000	0,000	-0,4087	0,000	0,000	1,6
39,880	-17,122	0,000	0,000	-0,4087	0,000	0,000	1,5
39,920	-17,122	0,000	0,000	-0,4087	0,000	0,000	1,5
39,960	-17,122	0,000	0,000	-0,4087	0,000	0,000	1,6
40,000	-17,122	0,000	0,000	-0,4087	0,000	0,000	1,6
40,040	-17,122	0,000	0,000	-0,4087	0,000	0,000	1,6
40,080	-17,122	0,000	0,000	-0,4087	0,000	0,000	1,6
40,120	-17,122	0,000	0,000	-0,4087	0,000	0,000	1,6
40,160	-17,122	0,000	0,000	-0,4087	0,000	0,000	1,7
40,200	-17,122	0,000	0,000	-0,4087	0,000	0,000	1,7
40,240	-17,122	0,000	0,000	-0,4087	0,000	0,000	1,7
40,280	-17,122	0,000	0,000	-0,4087	0,000	0,000	1,7
40,320	-17,122	0,000	-2,727	-0,4087	0,000	-0,065	1,7
40,360	-17,122	-0,218	-2,727	-0,4087	-0,005	-0,065	1,8
40,400	-17,139	-0,218	-3,126E-13	-0,4092	-0,005	5,779E-15	1,8
40,440	-17,139	-0,218	-5,454	-0,4092	-0,005	-0,130	1,7
40,480	-17,157	-0,654	-10,908	-0,4096	-0,016	-0,260	1,8
40,520	-17,191	-1,091	-10,908	-0,4104	-0,026	-0,260	1,8
40,560	-17,244	-1,527	-8,181	-0,4117	-0,036	-0,195	1,8
40,600	-17,314	-1,745	5,551E-13	-0,4133	-0,042	8,674E-15	1,8
40,640	-17,383	-1,527	2,727	-0,4150	-0,036	0,065	1,6
40,680	-17,436	-1,527	0,000	-0,4162	-0,036	-8,674E-15	1,4
40,720	-17,506	-1,527	1,696E-12	-0,4179	-0,036	4,918E-14	1,4
40,760	-17,558	-1,527	1,696E-12	-0,4192	-0,036	4,051E-14	1,4
40,800	-17,628	-1,527	2,727	-0,4208	-0,036	0,065	1,2
40,840	-17,680	-1,309	2,727	-0,4221	-0,031	0,065	1,0
40,880	-17,733	-1,309	0,000	-0,4233	-0,031	0,000	0,8
40,920	-17,785	-1,309	2,727	-0,4246	-0,031	0,065	0,7
40,960	-17,837	-1,091	0,000	-0,4258	-0,026	0,000	0,5
41,000	-17,872	-1,309	-5,454	-0,4267	-0,031	-0,130	0,6
41,040	-17,942	-1,527	-2,727	-0,4283	-0,036	-0,065	0,6
41,080	-17,994	-1,527	-2,727	-0,4296	-0,036	-0,065	0,6
41,120	-18,064	-1,745	-8,181	-0,4312	-0,042	-0,195	0,9
41,160	-18,134	-2,182	-5,454	-0,4329	-0,052	-0,130	1,3
41,200	-18,239	-2,182	10,908	-0,4354	-0,052	0,260	1,3
41,240	-18,309	-1,309	16,362	-0,4371	-0,031	0,391	0,8
41,280	-18,343	-0,873	5,454	-0,4379	-0,021	0,130	0,6
41,320	-18,378	-0,873	-2,727	-0,4387	-0,021	-0,065	0,5
41,360	-18,413	-1,091	-2,727	-0,4396	-0,026	-0,065	0,5
41,400	-18,466	-1,091	5,454	-0,4408	-0,026	0,130	0,5
41,440	-18,500	-0,654	8,181	-0,4417	-0,016	0,195	0,5
41,480	-18,518	-0,436	2,727	-0,4421	-0,010	0,065	0,4
41,520	-18,535	-0,436	-2,727	-0,4425	-0,010	-0,065	0,4
41,560	-18,553	-0,654	-2,727	-0,4429	-0,016	-0,065	0,4
41,600	-18,588	-0,654	2,727	-0,4437	-0,016	0,065	0,5
41,640	-18,605	-0,436	2,727	-0,4442	-0,010	0,065	0,4
41,680	-18,623	-0,436	0,000	-0,4446	-0,010	8,674E-15	0,4
41,720	-18,640	-0,436	-2,727	-0,4450	-0,010	-0,065	0,4
41,760	-18,658	-0,654	-5,454	-0,4454	-0,016	-0,130	0,4
41,800	-18,692	-0,873	-2,727	-0,4463	-0,021	-0,065	0,4
41,840	-18,727	-0,873	-2,727	-0,4471	-0,021	-0,065	0,5
41,880	-18,762	-1,091	-2,727	-0,4479	-0,026	-0,065	0,4
41,920	-18,815	-1,091	2,727	-0,4492	-0,026	0,065	0,5
41,960	-18,850	-0,873	2,727	-0,4500	-0,021	0,065	0,5
42,000	-18,884	-0,873	2,727	-0,4508	-0,021	0,065	0,5
42,040	-18,919	-0,654	5,454	-0,4517	-0,016	0,130	0,4
42,080	-18,937	-0,436	2,727	-0,4521	-0,010	0,065	0,4
42,120	-18,954	-0,436	-7,008E-14	-0,4525	-0,010	2,884E-15	0,4
42,160	-18,972	-0,436	-1,040E-12	-0,4529	-0,010	-1,156E-14	0,4
42,200	-18,989	-0,436	7,008E-14	-0,4533	-0,010	-1,156E-14	0,4
42,240	-19,007	-0,436	0,000	-0,4538	-0,010	8,674E-15	0,5
42,280	-19,024	-0,436	-2,727	-0,4542	-0,010	-0,065	0,5
42,320	-19,042	-0,654	-10,908	-0,4546	-0,016	-0,260	0,4
42,360	-19,076	-1,309	-10,908	-0,4554	-0,031	-0,260	0,5
42,400	-19,146	-1,527	1,454E-12	-0,4571	-0,036	3,469E-14	0,4
42,440	-19,199	-1,309	2,727	-0,4583	-0,031	0,065	0,4
42,480	-19,251	-1,309	-1,454E-12	-0,4596	-0,031	-3,469E-14	0,4
42,520	-19,303	-1,309	2,727	-0,4608	-0,031	0,065	0,4
42,560	-19,356	-1,091	2,727	-0,4621	-0,026	0,065	0,4
42,600	-19,391	-1,091	-2,727	-0,4629	-0,026	-0,065	0,4
42,640	-19,443	-1,309	-2,727	-0,4642	-0,031	-0,065	0,4
42,680	-19,495	-1,309	2,727	-0,4654	-0,031	0,065	0,5
42,720	-19,548	-1,091	5,454	-0,4667	-0,026	0,130	0,5
42,760	-19,583	-0,873	2,727	-0,4675	-0,021	0,065	0,4
42,800	-19,617	-0,873	2,727	-0,4683	-0,021	0,065	0,4
42,840	-19,652	-0,654	2,727	-0,4692	-0,016	0,065	0,4
42,880	-19,670	-0,654	-5,551E-13	-0,4696	-0,016	-8,674E-15	0,4
42,920	-19,705	-0,654	0,000	-0,4704	-0,016	8,674E-15	0,5
42,960	-19,722	-0,654	0,000	-0,4708	-0,016	8,674E-15	0,4
43,000	-19,757	-0,654	2,727	-0,4717	-0,016	0,065	0,4
43,040	-19,775	-0,436	2,727	-0,4721	-0,010	0,065	0,4
43,080	-19,792	-0,436	1,040E-12	-0,4725	-0,010	1,156E-14	0,4
43,120	-19,809	-0,436	-2,727	-0,4729	-0,010	-0,065	0,4
43,160	-19,827	-0,654	-5,454	-0,4733	-0,016	-0,130	0,4
43,200	-19,862	-0,873	-5,454	-0,4742	-0,021	-0,130	0,4
43,240	-19,897	-1,091	-10,908	-0,4750	-0,026	-0,260	0,4
43,280	-19,949	-1,745	-10,908	-0,4762	-0,042	-0,260	0,4
43,320	-20,036	-1,963	2,727	-0,4783	-0,047	0,065	0,4
43,360	-20,106	-1,527	0,000	-0,4800	-0,036	8,674E-15	0,5
43,400	-20,159	-1,963	-8,181	-0,4812	-0,047	-0,195	0,4
43,440	-20,263	-2,182	5,454	-0,4837	-0,052	0,130	0,4
43,480	-20,333	-1,527	8,181	-0,4854	-0,036	0,195	0,4
43,520	-20,385	-1,527	5,454	-0,4867	-0,036	0,130	0,5
43,560	-20,455	-1,091	16,362	-0,4883	-0,026	0,391	0,4
43,600	-20,473	-0,218	13,635	-0,4887	-0,005	0,326	0,5
43,640	-20,473	0,000	2,727	-0,4887	0,000	0,065	0,4
43,680	-20,473	0,000	0,000	-0,4887	0,000	0,000	0,4
43,720	-20,473	0,000	0,000	-0,4887	0,000	0,000	0,5
43,760	-20,473	0,000	0,000	-0,4887	0,000	0,000	0,4
43,800	-20,473	0,000	0,000	-0,4887	0,000	0,000	0,4
43,840	-20,473	0,000	0,000	-0,4887	0,000	0,000	0,4
43,880	-20,473	0,000	0,000	-0,4887	0,000	0,000	0,5
43,920	-20,473	0,000	0,000	-0,4887	0,000	0,000	0,4
43,960	-20,473	0,000	0,000	-0,4887	0,000	0,000	0,4
44,000	-20,473	0,000	0,000	-0,4887	0,000	0,000	0,5
44,040	-20,473	0,000	0,000	-0,4887	0,000	0,000	0,5
44,080	-20,473	0,000	0,000	-0,4887	0,000	0,000	0,4
44,120	-20,473	0,000	-2,727	-0,4887	0,000	-0,065	0,5
44,160	-20,473	-0,218	-13,635	-0,4887	-0,005	-0,326	0,4
44,200	-20,490	-1,091	-19,090	-0,4892	-0,026	-0,456	0,5
44,240	-20,560	-1,745	-8,181	-0,4908	-0,042	-0,195	0,4
44,280	-20,630	-1,745	-5,551E-13	-0,4925	-0,042	8,674E-15	0,5
44,320	-20,700	-1,745	5,551E-13	-0,4942	-0,042	8,674E-15	0,4
44,360	-20,769	-1,745	-2,727	-0,4958	-0,042	-0,065	0,5
44,400	-20,839	-1,963	-8,181	-0,4975	-0,047	-0,195	0,4
44,440	-20,926	-2,400	-8,181	-0,4996	-0,057	-0,195	0,4
44,480	-21,031	-2,618	2,727	-0,5021	-0,062	0,065	0,5
44,520	-21,136	-2,182	10,908	-0,5046	-0,052	0,260	0,5
44,560	-21,206	-1,745	5,454	-0,5062	-0,042	0,130	0,5
44,600	-21,276	-1,745	5,454	-0,5079	-0,042	0,130	0,5
44,640	-21,345	-1,309	10,908	-0,5096	-0,031	0,260	0,5
44,680	-21,380	-0,873	2,727	-0,5104	-0,021	0,065	0,5
44,720	-21,415	-1,091	-5,454	-0,5112	-0,026	-0,130	0,5
44,760	-21,468	-1,309	-2,727	-0,5125	-0,031	-0,065	0,5
44,800	-21,520	-1,309	2,727	-0,5137	-0,031	0,065	0,5
44,840	-21,572	-1,091	5,454	-0,5150	-0,026	0,130	0,5
44,880	-21,607	-0,873	5,551E-13	-0,5158	-0,021	0,000	0,5
44,920	-21,642	-1,091	-8,181	-0,5167	-0,026	-0,195	0,5
44,960	-21,694	-1,527	-2,727	-0,5179	-0,036	-0,065	0,5
45,000	-21,764	-1,309	8,181	-0,5196	-0,031	0,195	0,5
45,040	-21,799	-0,873	5,454	-0,5204	-0,021	0,130	0,5
45,080	-21,834	-0,873	-2,727	-0,5213	-0,021	-0,065	0,5
45,120	-21,869	-1,091	-8,181	-0,5221	-0,026	-0,195	0,5
45,160	-21,921	-1,527	-2,727	-0,5233	-0,036	-0,065	0,5
45,200	-21,991	-1,309	8,181	-0,5250	-0,031	0,195	0,5
45,240	-22,026	-0,873	2,727	-0,5258	-0,021	0,065	0,6
45,280	-22,061	-1,091	-2,727	-0,5267	-0,026	-0,065	0,5
45,320	-22,113	-1,091	2,727	-0,5279	-0,026	0,065	0,6
45,360	-22,148	-0,873	5,551E-13	-0,5287	-0,021	0,000	0,5
45,400	-22,183	-1,091	-2,727	-0,5296	-0,026	-0,065	0,6
45,440	-22,235	-1,091	-2,727	-0,5308	-0,026	-0,065	0,6
45,480	-22,270	-1,309	-13,635	-0,5317	-0,031	-0,326	0,5
45,520	-22,340	-2,182	-10,908	-0,5333	-0,052	-0,260	0,6
45,560	-22,445	-2,182	2,727	-0,5358	-0,052	0,065	0,6
45,600	-22,515	-1,963	5,551E-13	-0,5375	-0,047	0,000	0,6
45,640	-22,602	-2,182	0,000	-0,5396	-0,052	0,000	0,6
45,680	-22,689	-1,963	5,454	-0,5417	-0,047	0,130	0,6
45,720	-22,759	-1,745	2,727	-0,5433	-0,042	0,065	0,6
45,760	-22,829	-1,745	5,454	-0,5450	-0,042	0,130	0,7
45,800	-22,899	-1,309	13,635	-0,5467	-0,031	0,326	0,7
45,840	-22,934	-0,654	8,181	-0,5475	-0,016	0,195	0,7
45,880	-22,951	-0,654	-2,727	-0,5479	-0,016	-0,065	0,8
45,920	-22,986	-0,873	-2,727	-0,5487	-0,021	-0,065	0,8
45,960	-23,021	-0,873	-5,454	-0,5496	-0,021	-0,130	0,9
46,000	-23,056	-1,309	-13,635	-0,5504	-0,031	-0,326	1,1
46,040	-23,126	-1,963	-13,635	-0,5521	-0,047	-0,326	1,1
46,080	-23,213	-2,400	-2,727	-0,5542	-0,057	-0,065	1,5
46,120	-23,318	-2,182	10,908	-0,5567	-0,052	0,260	2,4
46,160	-23,387	-1,527	13,635	-0,5583	-0,036	0,326	3,3
46,200	-23,440	-1,091	-1,141E-12	-0,5596	-0,026	-4,051E-14	5,6
46,240	-23,475	-1,527	-2,727	-0,5604	-0,036	-0,065	6,4
46,280	-23,562	-1,309	16,362	-0,5625	-0,031	0,391	7,4
46,320	-23,579	-0,218	13,635	-0,5629	-0,005	0,326	8,8
46,360	-23,579	-0,218	-5,551E-13	-0,5629	-0,005	0,000	10,5
46,400	-23,597	-0,218	2,727	-0,5633	-0,005	0,065	11,6
46,440	-23,597	0,000	7,976E-13	-0,5633	0,000	-1,157E-14	11,6
46,480	-23,597	-0,218	-2,727	-0,5633	-0,005	-0,065	12,1
46,520	-23,614	-0,218	2,727	-0,5637	-0,005	0,065	12,1
46,560	-23,614	0,000	2,727	-0,5637	0,000	0,065	12,5
46,600	-23,614	0,000	0,000	-0,5637	0,000	0,000	12,5
46,640	-23,614	0,000	0,000	-0,5637	0,000	0,000	12,3
46,680	-23,614	0,000	0,000	-0,5637	0,000	0,000	12,5
46,720	-23,614	0,000	0,000	-0,5637	0,000	0,000	12,3
46,760	-23,614	0,000	0,000	-0,5637	0,000	0,000	12,3
46,800	-23,614	0,000	0,000	-0,5637	0,000	0,000	12,2
46,840	-23,614	0,000	0,000	-0,5637	0,000	0,000	12,5
46,880	-23,614	0,000	-2,727	-0,5637	0,000	-0,065	12,2
46,920	-23,614	-0,218	-2,727	-0,5637	-0,005	-0,065	12,1
46,960	-23,632	-0,218	-5,551E-13	-0,5642	-0,005	-1,735E-14	12,0
47,000	-23,632	-0,218	-2,727	-0,5642	-0,005	-0,065	12,0
47,040	-23,649	-0,436	-2,727	-0,5646	-0,010	-0,065	12,2
47,080	-23,667	-0,436	2,727	-0,5650	-0,010	0,065	12,0
47,120	-23,684	-0,218	2,727	-0,5654	-0,005	0,065	12,7
47,160	-23,684	-0,218	-7,976E-13	-0,5654	-0,005	1,157E-14	13,0
47,200	-23,702	-0,218	3,126E-13	-0,5658	-0,005	-5,779E-15	13,3
47,240	-23,702	-0,218	5,551E-13	-0,5658	-0,005	0,000	13,5
47,280	-23,719	-0,218	0,000	-0,5662	-0,005	-1,735E-14	13,5
47,320	-23,719	-0,218	-2,727	-0,5662	-0,005	-0,065	13,3
47,360	-23,736	-0,436	-5,454	-0,5667	-0,010	-0,130	13,7
47,400	-23,754	-0,654	-5,454	-0,5671	-0,016	-0,130	13,6
47,440	-23,789	-0,873	7,272E-13	-0,5679	-0,021	1,735E-14	14,0
47,480	-23,824	-0,654	8,181	-0,5687	-0,016	0,195	13,9
47,520	-23,841	-0,218	5,454	-0,5692	-0,005	0,130	14,1
47,560	-23,841	-0,218	-5,551E-13	-0,5692	-0,005	-1,735E-14	14,2
47,600	-23,859	-0,218	5,551E-13	-0,5696	-0,005	1,735E-14	13,6
47,640	-23,859	-0,218	-8,181	-0,5696	-0,005	-0,195	14,1
47,680	-23,876	-0,873	-21,817	-0,5700	-0,021	-0,521	14,2
47,720	-23,928	-1,963	-16,362	-0,5712	-0,047	-0,391	14,2
47,760	-24,033	-2,182	2,727	-0,5737	-0,052	0,065	14,1
47,800	-24,103	-1,745	13,635	-0,5754	-0,042	0,326	13,8
47,840	-24,173	-1,091	13,635	-0,5771	-0,026	0,326	12,8
47,880	-24,190	-0,654	8,181	-0,5775	-0,016	0,195	10,5
47,920	-24,225	-0,436	5,454	-0,5783	-0,010	0,130	9,6
47,960	-24,225	-0,218	2,727	-0,5783	-0,005	0,065	9,6
48,000	-24,243	-0,218	5,551E-13	-0,5788	-0,005	1,735E-14	9,2
48,040	-24,243	-0,218	-2,727	-0,5788	-0,005	-0,065	8,9
48,080	-24,260	-0,436	-8,181	-0,5792	-0,010	-0,195	8,2
48,120	-24,278	-0,873	-16,362	-0,5796	-0,021	-0,391	8,0
48,160	-24,330	-1,745	-16,362	-0,5808	-0,042	-0,391	8,3
48,200	-24,417	-2,182	-8,181	-0,5829	-0,052	-0,195	6,9
48,240	-24,504	-2,400	-2,727	-0,5850	-0,057	-0,065	7,6
48,280	-24,609	-2,400	5,454	-0,5875	-0,057	0,130	6,0
48,320	-24,696	-1,963	8,181	-0,5896	-0,047	0,195	5,1
48,360	-24,766	-1,745	2,727	-0,5912	-0,042	0,065	3,5
48,400	-24,836	-1,745	-2,727	-0,5929	-0,042	-0,065	1,7
48,440	-24,906	-1,963	-5,454	-0,5946	-0,047	-0,130	1,6
48,480	-24,993	-2,182	-2,179E-12	-0,5967	-0,052	-3,469E-14	1,1
48,520	-25,080	-1,963	5,454	-0,5987	-0,047	0,130	0,9
48,560	-25,150	-1,745	-8,181	-0,6004	-0,042	-0,195	0,7
48,600	-25,220	-2,618	-16,362	-0,6021	-0,063	-0,391	0,6
48,640	-25,360	-3,054	-10,908	-0,6054	-0,073	-0,260	0,5
48,680	-25,464	-3,491	-16,362	-0,6079	-0,083	-0,391	0,6
48,720	-25,639	-4,363	-10,908	-0,6121	-0,104	-0,260	0,6
48,760	-25,813	-4,363	5,407E-12	-0,6162	-0,104	1,157E-13	0,5
48,800	-25,988	-4,363	-2,727	-0,6204	-0,104	-0,065	0,5
48,840	-26,162	-4,581	-5,454	-0,6246	-0,109	-0,130	0,6
48,880	-26,354	-4,800	8,181	-0,6292	-0,115	0,195	0,5
48,920	-26,546	-3,927	27,271	-0,6337	-0,094	0,651	0,5
48,960	-26,669	-2,618	21,817	-0,6367	-0,063	0,521	0,4
49,000	-26,756	-2,182	-8,181	-0,6387	-0,052	-0,195	0,4
49,040	-26,843	-3,272	-29,998	-0,6408	-0,078	-0,716	0,4
49,080	-27,018	-4,581	-10,908	-0,6450	-0,109	-0,260	0,5
49,120	-27,210	-4,145	21,817	-0,6496	-0,099	0,521	0,5
49,160	-27,349	-2,836	24,544	-0,6529	-0,068	0,586	0,5
49,200	-27,437	-2,182	5,454	-0,6550	-0,052	0,130	0,4
49,240	-27,524	-2,400	-8,181	-0,6571	-0,057	-0,195	0,3
49,280	-27,629	-2,836	-8,181	-0,6596	-0,068	-0,195	0,3
49,320	-27,751	-3,054	-8,181	-0,6625	-0,073	-0,195	0,3
49,360	-27,873	-3,491	-19,090	-0,6654	-0,083	-0,456	0,2
49,400	-28,030	-4,581	-16,362	-0,6692	-0,109	-0,391	0,2
49,440	-28,239	-4,800	16,362	-0,6742	-0,115	0,391	0,2
49,480	-28,414	-3,272	29,998	-0,6783	-0,078	0,716	0,2
49,520	-28,501	-2,400	10,908	-0,6804	-0,057	0,260	0,2
49,560	-28,606	-2,400	-2,727	-0,6829	-0,057	-0,065	0,2
49,600	-28,693	-2,618	-10,908	-0,6850	-0,063	-0,260	0,3
49,640	-28,815	-3,272	-5,454	-0,6879	-0,078	-0,130	0,2
49,680	-28,955	-3,054	2,727	-0,6912	-0,073	0,065	0,2
49,720	-29,060	-3,054	-5,454	-0,6937	-0,073	-0,130	0,3
49,760	-29,199	-3,491	3,392E-12	-0,6971	-0,083	8,101E-14	0,3
49,800	-29,339	-3,054	13,635	-0,7004	-0,073	0,326	0,3
49,840	-29,444	-2,400	8,181	-0,7029	-0,057	0,195	0,3
49,880	-29,531	-2,400	-10,908	-0,7050	-0,057	-0,260	0,2
49,920	-29,636	-3,272	-16,362	-0,7075	-0,078	-0,391	0,2
49,960	-29,793	-3,709	5,454	-0,7112	-0,089	0,130	0,2
50,000	-29,932	-2,836	10,908	-0,7146	-0,068	0,260	0,2
50,040	-30,020	-2,836	-5,454	-0,7167	-0,068	-0,130	0,2
50,080	-30,159	-3,272	-5,454	-0,7200	-0,078	-0,130	0,1
50,120	-30,281	-3,272	-8,181	-0,7229	-0,078	-0,195	0,2
50,160	-30,421	-3,927	-2,727	-0,7262	-0,094	-0,065	0,1
50,200	-30,596	-3,491	24,544	-0,7304	-0,083	0,586	0,1
50,240	-30,700	-1,963	24,544	-0,7329	-0,047	0,586	0,1
50,280	-30,753	-1,527	-5,454	-0,7342	-0,036	-0,130	0,1
50,320	-30,823	-2,400	-16,362	-0,7358	-0,057	-0,391	0,1
50,360	-30,945	-2,836	2,727	-0,7387	-0,068	0,065	0,1
50,400	-31,049	-2,182	16,362	-0,7412	-0,052	0,391	0,1
50,440	-31,119	-1,527	10,908	-0,7429	-0,036	0,260	0,1
50,480	-31,172	-1,309	5,454	-0,7442	-0,031	0,130	0,1
50,520	-31,224	-1,091	-1,454E-12	-0,7454	-0,026	-3,469E-14	0,1
50,560	-31,259	-1,309	-2,727	-0,7462	-0,031	-0,065	0,1
50,600	-31,329	-1,309	8,181	-0,7479	-0,031	0,195	0,1
50,640	-31,364	-0,654	13,635	-0,7487	-0,016	0,326	0,1
50,680	-31,381	-0,218	8,181	-0,7492	-0,005	0,195	0,1
50,720	-31,381	0,000	2,727	-0,7492	0,000	0,065	0,1
50,760	-31,381	0,000	0,000	-0,7492	0,000	0,000	0,1
50,800	-31,381	0,000	0,000	-0,7492	0,000	0,000	0,1
50,840	-31,381	0,000	0,000	-0,7492	0,000	0,000	0,1
50,880	-31,381	0,000	0,000	-0,7492	0,000	0,000	0,1
50,920	-31,381	0,000	0,000	-0,7492	0,000	0,000	0,1
50,960	-31,381	0,000	0,000	-0,7492	0,000	0,000	0,1
51,000	-31,381	0,000	0,000	-0,7492	0,000	0,000	0,1
51,040	-31,381	0,000	0,000	-0,7492	0,000	0,000	0,1
51,080	-31,381	0,000	0,000	-0,7492	0,000	0,000	0,1
51,120	-31,381	0,000	0,000	-0,7492	0,000	0,000	0,1
51,160	-31,381	0,000	0,000	-0,7492	0,000	0,000	0,1
51,200	-31,381	0,000	0,000	-0,7492	0,000	0,000	0,2
51,240	-31,381	0,000	0,000	-0,7492	0,000	0,000	0,1
51,280	-31,381	0,000	0,000	-0,7492	0,000	0,000	0,1
51,320	-31,381	0,000	0,000	-0,7492	0,000	0,000	0,1
51,360	-31,381	0,000	0,000	-0,7492	0,000	0,000	0,1
51,400	-31,381	0,000	2,727	-0,7492	0,000	0,065	0,1
51,440	-31,381	0,218	2,727	-0,7492	0,005	0,065	0,1
51,480	-31,364	0,218	-2,727	-0,7487	0,005	-0,065	0,1
51,520	-31,364	0,000	-2,727	-0,7487	0,000	-0,065	0,1
51,560	-31,364	0,000	0,000	-0,7487	0,000	0,000	0,1
51,600	-31,364	0,000	0,000	-0,7487	0,000	0,000	0,1
51,640	-31,364	0,000	0,000	-0,7487	0,000	0,000	0,1
51,680	-31,364	0,000	0,000	-0,7487	0,000	0,000	0,1
51,720	-31,364	0,000	0,000	-0,7487	0,000	0,000	0,1
51,760	-31,364	0,000	0,000	-0,7487	0,000	0,000	0,1
51,800	-31,364	0,000	0,000	-0,7487	0,000	0,000	0,1
51,840	-31,364	0,000	0,000	-0,7487	0,000	0,000	0,1
51,880	-31,364	0,000	0,000	-0,7487	0,000	0,000	0,1
51,920	-31,364	0,000	0,000	-0,7487	0,000	0,000	0,1
51,960	-31,364	0,000	0,000	-0,7487	0,000	0,000	0,1
52,000	-31,364	0,000	0,000	-0,7487	0,000	0,000	0,2
52,040	-31,364	0,000	0,000	-0,7487	0,000	0,000	0,1
52,080	-31,364	0,000	0,000	-0,7487	0,000	0,000	0,1
52,120	-31,364	0,000	0,000	-0,7487	0,000	0,000	0,1
52,160	-31,364	0,000	2,727	-0,7487	0,000	0,065	0,1
52,200	-31,364	0,218	2,727	-0,7487	0,005	0,065	0,1
52,240	-31,346	0,218	-2,727	-0,7483	0,005	-0,065	0,1
52,280	-31,346	0,000	-2,727	-0,7483	0,000	-0,065	0,1
52,320	-31,346	0,000	0,000	-0,7483	0,000	0,000	0,1
52,360	-31,346	0,000	0,000	-0,7483	0,000	0,000	0,1
52,400	-31,346	0,000	0,000	-0,7483	0,000	0,000	0,1
52,440	-31,346	0,000	2,727	-0,7483	0,000	0,065	0,1
52,480	-31,346	0,218	2,727	-0,7483	0,005	0,065	0,1
52,520	-31,329	0,218	10,908	-0,7479	0,005	0,260	0,1
52,560	-31,329	1,091	43,633	-0,7479	0,026	1,042	0,1
52,600	-31,241	3,709	57,269	-0,7458	0,089	1,367	0,1
52,640	-31,032	5,672	29,998	-0,7408	0,135	0,716	0,1
52,680	-30,788	6,109	-8,181	-0,7350	0,146	-0,195	0,1
52,720	-30,543	5,018	-19,090	-0,7292	0,120	-0,456	0,2
52,760	-30,386	4,581	-5,454	-0,7254	0,109	-0,130	0,1
52,800	-30,177	4,581	-10,908	-0,7204	0,109	-0,260	0,2
52,840	-30,020	3,709	-16,362	-0,7167	0,089	-0,391	0,2
52,880	-29,880	3,272	-13,635	-0,7133	0,078	-0,326	0,2
52,920	-29,758	2,618	-19,090	-0,7104	0,063	-0,456	0,3
52,960	-29,671	1,745	-16,362	-0,7083	0,042	-0,391	0,2
53,000	-29,618	1,309	-8,181	-0,7071	0,031	-0,195	0,2
53,040	-29,566	1,091	2,727	-0,7058	0,026	0,065	0,2
53,080	-29,531	1,527	16,362	-0,7050	0,036	0,391	0,2
53,120	-29,444	2,400	10,908	-0,7029	0,057	0,260	0,2
53,160	-29,339	2,400	3,220E-12	-0,7004	0,057	4,623E-14	0,2
53,200	-29,252	2,400	8,181	-0,6983	0,057	0,195	0,2
53,240	-29,147	3,054	-2,727	-0,6958	0,073	-0,065	0,2
53,280	-29,007	2,182	-32,725	-0,6925	0,052	-0,781	0,2
53,320	-28,972	0,436	-27,271	-0,6917	0,010	-0,651	0,2
53,360	-28,972	0,000	-8,181	-0,6917	0,000	-0,195	0,2
53,400	-28,972	-0,218	-2,727	-0,6917	-0,005	-0,065	0,2
53,440	-28,990	-0,218	2,727	-0,6921	-0,005	0,065	0,2
53,480	-28,990	0,000	2,727	-0,6921	0,000	0,065	0,2
53,520	-28,990	0,000	-5,454	-0,6921	0,000	-0,130	0,2
53,560	-28,990	-0,436	-13,635	-0,6921	-0,010	-0,326	0,2
53,600	-29,025	-1,091	-38,179	-0,6929	-0,026	-0,911	0,2
53,640	-29,077	-3,491	-98,175	-0,6942	-0,083	-2,344	0,2
53,680	-29,304	-8,945	-114,537	-0,6996	-0,214	-2,734	0,3
53,720	-29,793	-12,654	-21,817	-0,7112	-0,302	-0,521	0,2
53,760	-30,316	-10,690	40,906	-0,7237	-0,255	0,977	0,2
53,800	-30,648	-9,381	2,727	-0,7317	-0,224	0,065	0,2
53,840	-31,067	-10,472	-2,727	-0,7417	-0,250	-0,065	0,1
53,880	-31,486	-9,599	19,090	-0,7517	-0,229	0,456	0,1
53,920	-31,835	-8,945	-8,181	-0,7600	-0,214	-0,195	0,1
53,960	-32,201	-10,254	-35,452	-0,7687	-0,245	-0,846	0,1
54,000	-32,655	-11,781	-27,271	-0,7796	-0,281	-0,651	0,1
54,040	-33,144	-12,435	2,727	-0,7912	-0,297	0,065	0,1
54,080	-33,650	-11,563	35,452	-0,8033	-0,276	0,846	0,1
54,120	-34,069	-9,599	27,271	-0,8133	-0,229	0,651	0,1
54,160	-34,418	-9,381	-8,181	-0,8217	-0,224	-0,195	0,0
54,200	-34,819	-10,254	-2,727	-0,8312	-0,245	-0,065	0,1
54,240	-35,238	-9,599	29,998	-0,8413	-0,229	0,716	0,1
54,280	-35,587	-7,854	29,998	-0,8496	-0,188	0,716	0,0
54,320	-35,867	-7,199	5,454	-0,8562	-0,172	0,130	0,0
54,360	-36,163	-7,418	0,000	-0,8633	-0,177	0,000	0,1
54,400	-36,460	-7,199	10,908	-0,8704	-0,172	0,260	0,0
54,440	-36,739	-6,545	19,090	-0,8771	-0,156	0,456	0,0
54,480	-36,984	-5,672	5,454	-0,8829	-0,135	0,130	0,1
54,520	-37,193	-6,109	-16,362	-0,8879	-0,146	-0,391	0,1
54,560	-37,472	-6,981	-10,908	-0,8946	-0,167	-0,260	0,1
54,600	-37,751	-6,981	-5,454	-0,9012	-0,167	-0,130	0,1
54,640	-38,031	-7,418	-5,454	-0,9079	-0,177	-0,130	0,0
54,680	-38,345	-7,418	13,635	-0,9154	-0,177	0,326	0,1
54,720	-38,624	-6,327	16,362	-0,9221	-0,151	0,391	0,0
54,760	-38,851	-6,109	-8,181	-0,9275	-0,146	-0,195	0,0
54,800	-39,113	-6,981	-8,181	-0,9337	-0,167	-0,195	0,1
54,840	-39,410	-6,763	10,908	-0,9408	-0,161	0,260	0,0
54,880	-39,654	-6,109	13,635	-0,9467	-0,146	0,326	0,0
54,920	-39,898	-5,672	38,179	-0,9525	-0,135	0,911	0,0
54,960	-40,108	-3,054	65,450	-0,9575	-0,073	1,563	0,0
55,000	-40,143	-0,436	38,179	-0,9583	-0,010	0,911	0,0
55,040	-40,143	0,000	8,181	-0,9583	0,000	0,195	0,0
55,080	-40,143	0,218	2,727	-0,9583	0,005	0,065	0,0
55,120	-40,125	0,218	-2,727	-0,9579	0,005	-0,065	0,0
55,160	-40,125	0,000	-2,727	-0,9579	0,000	-0,065	0,0
55,200	-40,125	0,000	0,000	-0,9579	0,000	0,000	0,0
55,240	-40,125	0,000	0,000	-0,9579	0,000	0,000	0,0
55,280	-40,125	0,000	0,000	-0,9579	0,000	0,000	0,0
55,320	-40,125	0,000	2,727	-0,9579	0,000	0,065	0,0
55,360	-40,125	0,218	2,727	-0,9579	0,005	0,065	0,0
55,400	-40,108	0,218	-2,727	-0,9575	0,005	-0,065	0,0
55,440	-40,108	0,000	2,727	-0,9575	0,000	0,065	0,0
55,480	-40,108	0,436	62,723	-0,9575	0,010	1,497	0,0
55,520	-40,073	5,018	111,810	-0,9567	0,120	2,669	0,0
55,560	-39,706	9,381	62,723	-0,9479	0,224	1,497	0,0
55,600	-39,322	10,036	24,544	-0,9387	0,240	0,586	0,0
55,640	-38,903	11,345	40,906	-0,9288	0,271	0,977	0,0
55,680	-38,415	13,308	40,906	-0,9171	0,318	0,977	0,0
55,720	-37,839	14,617	-1,368E-11	-0,9033	0,349	-3,351E-13	0,0
55,760	-37,245	13,308	-38,179	-0,8892	0,318	-0,911	0,0
55,800	-36,774	11,563	-19,090	-0,8779	0,276	-0,456	0,0
55,840	-36,320	11,781	19,090	-0,8671	0,281	0,456	0,1
55,880	-35,832	13,090	5,454	-0,8554	0,313	0,130	0,0
55,920	-35,273	12,217	-35,452	-0,8421	0,292	-0,846	0,0
55,960	-34,854	10,254	-27,271	-0,8321	0,245	-0,651	0,0
56,000	-34,453	10,036	-8,181	-0,8225	0,240	-0,195	0,0
56,040	-34,051	9,599	-10,908	-0,8129	0,229	-0,260	0,1
56,080	-33,685	9,163	-13,635	-0,8042	0,219	-0,326	0,0
56,120	-33,318	8,508	-19,090	-0,7954	0,203	-0,456	0,0
56,160	-33,004	7,636	-16,362	-0,7879	0,182	-0,391	0,1
56,200	-32,707	7,199	-8,181	-0,7808	0,172	-0,195	0,1
56,240	-32,428	6,981	-5,454	-0,7742	0,167	-0,130	0,1
56,280	-32,149	6,763	-5,454	-0,7675	0,161	-0,130	0,1
56,320	-31,887	6,545	-8,181	-0,7612	0,156	-0,195	0,1
56,360	-31,625	6,109	-5,454	-0,7550	0,146	-0,130	0,1
56,400	-31,398	6,109	5,454	-0,7496	0,146	0,130	0,0
56,440	-31,137	6,545	2,727	-0,7433	0,156	0,065	0,1
56,480	-30,875	6,327	-16,362	-0,7371	0,151	-0,391	0,1
56,520	-30,631	5,236	-19,090	-0,7312	0,125	-0,456	0,1
56,560	-30,456	4,800	-2,727	-0,7271	0,115	-0,065	0,1
56,600	-30,247	5,018	2,727	-0,7221	0,120	0,065	0,1
56,640	-30,055	5,018	0,000	-0,7175	0,120	-1,735E-14	0,1
56,680	-29,845	5,018	2,727	-0,7125	0,120	0,065	0,2
56,720	-29,653	5,236	10,908	-0,7079	0,125	0,260	0,2
56,760	-29,426	5,890	-2,727	-0,7025	0,141	-0,065	0,2
56,800	-29,182	5,018	-24,544	-0,6967	0,120	-0,586	0,2
56,840	-29,025	3,927	-19,090	-0,6929	0,094	-0,456	0,2
56,880	-28,868	3,491	-5,454	-0,6892	0,083	-0,130	0,1
56,920	-28,746	3,491	8,181	-0,6862	0,083	0,195	0,2
56,960	-28,588	4,145	2,727	-0,6825	0,099	0,065	0,2
57,000	-28,414	3,709	-5,454	-0,6783	0,089	-0,130	0,1
57,040	-28,292	3,709	2,727	-0,6754	0,089	0,065	0,2
57,080	-28,117	3,927	-8,181	-0,6712	0,094	-0,195	0,2
57,120	-27,978	3,054	-19,090	-0,6679	0,073	-0,456	0,2
57,160	-27,873	2,400	-5,454	-0,6654	0,057	-0,130	0,2
57,200	-27,786	2,618	5,454	-0,6633	0,063	0,130	0,2
57,240	-27,663	2,836	2,727	-0,6604	0,068	0,065	0,2
57,280	-27,559	2,836	-5,551E-13	-0,6579	0,068	-1,735E-14	0,2
57,320	-27,437	2,836	0,000	-0,6550	0,068	-1,735E-14	0,2
57,360	-27,332	2,836	0,000	-0,6525	0,068	0,000	0,2
57,400	-27,210	2,836	-8,181	-0,6496	0,068	-0,195	0,3
57,440	-27,105	2,182	-13,635	-0,6471	0,052	-0,326	0,3
57,480	-27,035	1,745	-10,908	-0,6454	0,042	-0,260	0,3
57,520	-26,965	1,309	-10,908	-0,6437	0,031	-0,260	0,3
57,560	-26,930	0,873	-2,727	-0,6429	0,021	-0,065	0,3
57,600	-26,896	1,091	10,908	-0,6421	0,026	0,260	0,3
57,640	-26,843	1,745	19,090	-0,6408	0,042	0,456	0,3
57,680	-26,756	2,618	13,635	-0,6387	0,063	0,326	0,3
57,720	-26,634	2,836	2,727	-0,6358	0,068	0,065	0,3
57,760	-26,529	2,836	-2,727	-0,6333	0,068	-0,065	0,3
57,800	-26,407	2,618	-8,181	-0,6304	0,062	-0,195	0,3
57,840	-26,320	2,182	-5,454	-0,6283	0,052	-0,130	0,4
57,880	-26,232	2,182	5,454	-0,6262	0,052	0,130	0,4
57,920	-26,145	2,618	5,454	-0,6242	0,063	0,130	0,3
57,960	-26,023	2,618	-2,727	-0,6212	0,063	-0,065	0,4
58,000	-25,936	2,400	0,000	-0,6192	0,057	0,000	0,4
58,040	-25,831	2,618	2,727	-0,6167	0,063	0,065	0,4
58,080	-25,726	2,618	-2,727	-0,6142	0,062	-0,065	0,4
58,120	-25,621	2,400	-5,454	-0,6117	0,057	-0,130	0,5
58,160	-25,534	2,182	3,220E-12	-0,6096	0,052	4,623E-14	0,6
58,200	-25,447	2,400	-2,727	-0,6075	0,057	-0,065	0,8
58,240	-25,342	1,963	-13,635	-0,6050	0,047	-0,326	1,0
58,280	-25,290	1,309	-5,454	-0,6038	0,031	-0,130	1,7
58,320	-25,237	1,527	2,727	-0,6025	0,036	0,065	2,9
58,360	-25,168	1,527	0,000	-0,6008	0,036	0,000	3,9
58,400	-25,115	1,527	2,727	-0,5996	0,036	0,065	4,9
58,440	-25,045	1,745	2,727	-0,5979	0,042	0,065	6,1
58,480	-24,976	1,745	5,454	-0,5962	0,042	0,130	7,0
58,520	-24,906	2,182	19,090	-0,5946	0,052	0,456	8,4
58,560	-24,801	3,272	16,362	-0,5921	0,078	0,391	9,8
58,600	-24,644	3,491	-2,727	-0,5883	0,083	-0,065	10,8
58,640	-24,522	3,054	-16,362	-0,5854	0,073	-0,391	11,8
58,680	-24,400	2,182	-21,817	-0,5825	0,052	-0,521	12,1
58,720	-24,347	1,309	-10,908	-0,5812	0,031	-0,260	10,9
58,760	-24,295	1,309	5,454	-0,5800	0,031	0,130	9,0
58,800	-24,243	1,745	13,635	-0,5788	0,042	0,326	7,5
58,840	-24,155	2,400	10,908	-0,5767	0,057	0,260	6,2
58,880	-24,051	2,618	13,635	-0,5742	0,063	0,326	5,2
58,920	-23,946	3,491	19,090	-0,5717	0,083	0,456	3,6
58,960	-23,771	4,145	0,000	-0,5675	0,099	1,735E-14	2,1
59,000	-23,614	3,491	-10,908	-0,5637	0,083	-0,260	1,3
59,040	-23,492	3,272	-2,727	-0,5608	0,078	-0,065	0,7
59,080	-23,353	3,272	-3,630E-12	-0,5575	0,078	-8,674E-14	0,6
59,120	-23,230	3,272	3,630E-12	-0,5546	0,078	8,674E-14	0,5
59,160	-23,091	3,272	-5,454	-0,5512	0,078	-0,130	0,5
59,200	-22,969	2,836	-5,454	-0,5483	0,068	-0,130	0,5
59,240	-22,864	2,836	8,181	-0,5458	0,068	0,195	0,4
59,280	-22,742	3,491	10,908	-0,5429	0,083	0,260	0,5
59,320	-22,585	3,709	-2,727	-0,5392	0,089	-0,065	0,4
59,360	-22,445	3,272	2,727	-0,5358	0,078	0,065	0,4
59,400	-22,323	3,927	21,817	-0,5329	0,094	0,521	0,4
59,440	-22,131	5,018	10,908	-0,5283	0,120	0,260	0,4
59,480	-21,921	4,800	-2,727	-0,5233	0,115	-0,065	0,4
59,520	-21,747	4,800	5,329E-12	-0,5192	0,115	1,272E-13	0,4
59,560	-21,537	4,800	-5,454	-0,5142	0,115	-0,130	0,4
59,600	-21,363	4,363	-8,181	-0,5100	0,104	-0,195	0,4
59,640	-21,188	4,145	-8,181	-0,5058	0,099	-0,195	0,3
59,680	-21,031	3,709	-13,635	-0,5021	0,089	-0,326	0,3
59,720	-20,892	3,054	-13,635	-0,4987	0,073	-0,326	0,4
59,760	-20,787	2,618	-2,727	-0,4962	0,062	-0,065	0,3
59,800	-20,682	2,836	8,181	-0,4937	0,068	0,195	0,3
59,840	-20,560	3,272	2,727	-0,4908	0,078	0,065	0,3
59,880	-20,420	3,054	-8,181	-0,4875	0,073	-0,195	0,3
59,920	-20,316	2,618	-8,181	-0,4850	0,063	-0,195	0,3
59,960	-20,211	2,400	-5,454	-0,4825	0,057	-0,130	0,3
60,000	-20,124	2,182	-5,454	-0,4804	0,052	-0,130	0,3
60,040	-20,036	1,963	-5,454	-0,4783	0,047	-0,130	0,3
60,080	-19,967	1,745	-2,727	-0,4767	0,042	-0,065	0,3
60,120	-19,897	1,745	2,495E-12	-0,4750	0,042	5,490E-14	0,3
60,160	-19,827	1,745	5,454	-0,4733	0,042	0,130	0,3
60,200	-19,757	2,182	8,181	-0,4717	0,052	0,195	0,3
60,240	-19,652	2,400	-2,727	-0,4692	0,057	-0,065	0,3
60,280	-19,565	1,963	-8,181	-0,4671	0,047	-0,195	0,3
60,320	-19,495	1,745	5,454	-0,4654	0,042	0,130	0,4
60,360	-19,426	2,400	13,635	-0,4637	0,057	0,326	0,3
60,400	-19,303	2,836	13,635	-0,4608	0,068	0,326	0,3
60,440	-19,199	3,491	13,635	-0,4583	0,083	0,326	0,3
60,480	-19,024	3,927	3,325E-12	-0,4542	0,094	1,011E-13	0,3
60,520	-18,884	3,491	-2,727	-0,4508	0,083	-0,065	0,3
60,560	-18,745	3,709	13,635	-0,4475	0,089	0,326	0,3
60,600	-18,588	4,581	27,271	-0,4437	0,109	0,651	0,4
60,640	-18,378	5,890	21,817	-0,4387	0,141	0,521	0,4
60,680	-18,117	6,327	5,551E-13	-0,4325	0,151	8,674E-15	0,3
60,720	-17,872	5,890	-5,454	-0,4267	0,141	-0,130	0,5
60,760	-17,645	5,890	-2,727	-0,4212	0,141	-0,065	1,0
60,800	-17,401	5,672	-8,181	-0,4154	0,135	-0,195	1,5
60,840	-17,191	5,236	-5,454	-0,4104	0,125	-0,130	1,5
60,880	-16,982	5,236	-2,727	-0,4054	0,125	-0,065	1,0
60,920	-16,773	5,018	-2,727	-0,4004	0,120	-0,065	0,6
60,960	-16,581	5,018	5,551E-13	-0,3958	0,120	0,000	0,5
61,000	-16,371	5,018	-5,454	-0,3908	0,120	-0,130	0,4
61,040	-16,179	4,581	-2,727	-0,3862	0,109	-0,065	0,4
61,080	-16,005	4,800	13,635	-0,3821	0,115	0,326	0,4
61,120	-15,795	5,672	10,908	-0,3771	0,135	0,260	0,5
61,160	-15,551	5,672	-5,454	-0,3712	0,135	-0,130	0,6
61,200	-15,341	5,236	-8,181	-0,3662	0,125	-0,195	0,6
61,240	-15,132	5,018	-10,908	-0,3612	0,120	-0,260	0,7
61,280	-14,940	4,363	-5,454	-0,3567	0,104	-0,130	0,6
61,320	-14,783	4,581	5,454	-0,3529	0,109	0,130	0,7
61,360	-14,573	4,800	-5,454	-0,3479	0,115	-0,130	0,6
61,400	-14,399	4,145	-19,090	-0,3437	0,099	-0,456	0,7
61,440	-14,242	3,272	-24,544	-0,3400	0,078	-0,586	0,6
61,480	-14,137	2,182	-10,908	-0,3375	0,052	-0,260	0,6
61,520	-14,067	2,400	27,271	-0,3358	0,057	0,651	0,6
61,560	-13,945	4,363	43,633	-0,3329	0,104	1,042	0,6
61,600	-13,718	5,890	29,998	-0,3275	0,141	0,716	0,6
61,640	-13,474	6,763	13,635	-0,3217	0,161	0,326	0,5
61,680	-13,177	6,981	-5,454	-0,3146	0,167	-0,130	0,6
61,720	-12,915	6,327	-21,817	-0,3083	0,151	-0,521	0,6
61,760	-12,671	5,236	-24,544	-0,3025	0,125	-0,586	0,5
61,800	-12,497	4,363	-13,635	-0,2983	0,104	-0,326	0,6
61,840	-12,322	4,145	4,852E-12	-0,2942	0,099	1,070E-13	0,6
61,880	-12,165	4,363	13,635	-0,2904	0,104	0,326	0,6
61,920	-11,973	5,236	10,908	-0,2858	0,125	0,260	0,6
61,960	-11,746	5,236	2,776E-13	-0,2804	0,125	0,000	0,7
62,000	-11,554	5,236	5,454	-0,2758	0,125	0,130	0,6
62,040	-11,327	5,672	10,908	-0,2704	0,135	0,260	0,6
62,080	-11,100	6,109	13,635	-0,2650	0,146	0,326	0,7
62,120	-10,838	6,763	13,635	-0,2587	0,161	0,326	0,7
62,160	-10,559	7,199	5,454	-0,2521	0,172	0,130	0,7
62,200	-10,263	7,199	-2,727	-0,2450	0,172	-0,065	0,7
62,240	-9,983	6,981	-16,362	-0,2383	0,167	-0,391	0,8
62,280	-9,704	5,890	-27,271	-0,2317	0,141	-0,651	0,8
62,320	-9,512	4,800	-5,454	-0,2271	0,115	-0,130	0,8
62,360	-9,320	5,454	24,544	-0,2225	0,130	0,586	0,9
62,400	-9,076	6,763	19,090	-0,2167	0,161	0,456	0,9
62,440	-8,779	6,981	7,505E-12	-0,2096	0,167	1,794E-13	0,9
62,480	-8,517	6,763	5,454	-0,2033	0,161	0,130	0,9
62,520	-8,238	7,418	16,362	-0,1967	0,177	0,391	1,0
62,560	-7,924	8,072	5,454	-0,1892	0,193	0,130	1,1
62,600	-7,592	7,854	-19,090	-0,1812	0,188	-0,456	1,1
62,640	-7,295	6,545	-38,179	-0,1742	0,156	-0,911	1,1
62,680	-7,069	4,800	-38,179	-0,1687	0,115	-0,911	1,2
62,720	-6,912	3,491	-24,544	-0,1650	0,083	-0,586	1,3
62,760	-6,789	2,836	-3,880E-12	-0,1621	0,068	-8,812E-14	1,4
62,800	-6,685	3,491	16,362	-0,1596	0,083	0,391	1,4
62,840	-6,510	4,145	13,635	-0,1554	0,099	0,326	1,4
62,880	-6,353	4,581	13,635	-0,1517	0,109	0,326	1,5
62,920	-6,144	5,236	19,090	-0,1467	0,125	0,456	1,6
62,960	-5,934	6,109	13,635	-0,1417	0,146	0,326	1,6
63,000	-5,655	6,327	-8,181	-0,1350	0,151	-0,195	1,7
63,040	-5,428	5,454	-19,090	-0,1296	0,130	-0,456	1,8
63,080	-5,219	4,800	-13,635	-0,1246	0,115	-0,326	1,9
63,120	-5,044	4,363	-5,454	-0,1204	0,104	-0,130	2,1
63,160	-4,869	4,363	5,454	-0,1162	0,104	0,130	2,1
63,200	-4,695	4,800	8,181	-0,1121	0,115	0,195	2,2
63,240	-4,485	5,018	-1,443E-13	-0,1071	0,120	-2,255E-15	2,3
63,280	-4,294	4,800	-5,454	-0,1025	0,115	-0,130	2,4
63,320	-4,102	4,581	-5,454	-0,0979	0,109	-0,130	2,6
63,360	-3,927	4,363	-2,727	-0,0937	0,104	-0,065	2,8
63,400	-3,752	4,363	-4,918E-12	-0,0896	0,104	-1,135E-13	3,0
63,440	-3,578	4,363	2,727	-0,0854	0,104	0,065	3,3
63,480	-3,403	4,581	-5,454	-0,0812	0,109	-0,130	3,6
63,520	-3,211	3,927	-24,544	-0,0767	0,094	-0,586	3,9
63,560	-3,089	2,618	-16,362	-0,0737	0,063	-0,391	4,1
63,600	-3,002	2,618	10,908	-0,0717	0,063	0,260	4,3
63,640	-2,880	3,491	10,908	-0,0687	0,083	0,260	4,5
63,680	-2,723	3,491	-13,635	-0,0650	0,083	-0,326	4,6
63,720	-2,601	2,400	-21,817	-0,0621	0,057	-0,521	4,8
63,760	-2,531	1,745	-5,454	-0,0604	0,042	-0,130	5,0
63,800	-2,461	1,963	8,181	-0,0587	0,047	0,195	5,3
63,840	-2,374	2,400	8,181	-0,0567	0,057	0,195	5,5
63,880	-2,269	2,618	2,727	-0,0542	0,063	0,065	5,6
63,920	-2,164	2,618	-5,454	-0,0517	0,063	-0,130	5,9
63,960	-2,059	2,182	-2,727	-0,0492	0,052	-0,065	6,1
64,000	-1,990	2,400	13,635	-0,0475	0,057	0,326	6,2
64,040	-1,868	3,272	10,908	-0,0446	0,078	0,260	6,5
64,080	-1,728	3,272	-13,635	-0,0412	0,078	-0,326	6,6
64,120	-1,606	2,182	-24,544	-0,0383	0,052	-0,586	7,0
64,160	-1,553	1,309	-10,908	-0,0371	0,031	-0,260	7,4
64,200	-1,501	1,309	-3,608E-14	-0,0358	0,031	-1,041E-15	7,8
64,240	-1,449	1,309	2,727	-0,0346	0,031	0,065	8,1
64,280	-1,396	1,527	2,727	-0,0333	0,036	0,065	8,3
64,320	-1,326	1,527	-2,727	-0,0317	0,036	-0,065	8,4
64,360	-1,274	1,309	-5,454	-0,0304	0,031	-0,130	8,6
64,400	-1,222	1,091	-5,454	-0,0292	0,026	-0,130	8,9
64,440	-1,187	0,873	0,000	-0,0283	0,021	0,000	9,2
64,480	-1,152	1,091	8,181	-0,0275	0,026	0,195	9,4
64,520	-1,100	1,527	2,727	-0,0262	0,036	0,065	9,5
64,560	-1,030	1,309	-5,454	-0,0246	0,031	-0,130	9,7
64,600	-0,995	1,091	5,454	-0,0237	0,026	0,130	9,8
64,640	-0,942	1,745	13,635	-0,0225	0,042	0,326	10,1
64,680	-0,855	2,182	5,454	-0,0204	0,052	0,130	10,4
64,720	-0,768	2,182	-5,454	-0,0183	0,052	-0,130	10,5
64,760	-0,681	1,745	-10,908	-0,0163	0,042	-0,260	11,0
64,800	-0,628	1,309	8,327E-15	-0,0150	0,031	0,000	11,6
64,840	-0,576	1,745	13,635	-0,0137	0,042	0,326	12,6
64,880	-0,489	2,400	13,635	-0,0117	0,057	0,326	13,8
64,920	-0,384	2,836	5,454	-0,0092	0,068	0,130	15,5
64,960	-0,262	2,836	-10,908	-0,0062	0,068	-0,260	22,3
65,000	-0,157	1,963	-27,271	-0,0037	0,047	-0,651	36,9
65,040	-0,105	0,654	-24,544	-0,0025	0,016	-0,586	63,9
65,080	-0,105	0,000	-8,181	-0,0025	0,000	-0,195	95,5
65,120	-0,105	0,000	0,000	-0,0025	0,000	0,000	98,6
65,160	-0,105	0,000	0,000	-0,0025	0,000	0,000	98,6
65,200	-0,105	0,000	0,000	-0,0025	0,000	0,000	98,6
65,240	-0,105	0,000	0,000	-0,0025	0,000	0,000	89,2
65,280	-0,105	0,000	0,000	-0,0025	0,000	0,000	68,0
65,320	-0,105	0,000	0,000	-0,0025	0,000	0,000	40,4
65,360	-0,105	0,000	0,000	-0,0025	0,000	0,000	27,2
65,400	-0,105	0,000	0,000	-0,0025	0,000	0,000	21,4
65,440	-0,105	0,000	0,000	-0,0025	0,000	0,000	19,8
65,480	-0,105	0,000	0,000	-0,0025	0,000	0,000	18,9
65,520	-0,105	0,000	0,000	-0,0025	0,000	0,000	18,0
65,560	-0,105	0,000	0,000	-0,0025	0,000	0,000	14,6
65,600	-0,105	0,000	0,000	-0,0025	0,000	0,000	13,7
65,640	-0,105	0,000	0,000	-0,0025	0,000	0,000	13,2
65,680	-0,105	0,000	0,000	-0,0025	0,000	0,000	12,8
65,720	-0,105	0,000	0,000	-0,0025	0,000	0,000	12,6
65,760	-0,105	0,000	0,000	-0,0025	0,000	0,000	12,7
65,800	-0,105	0,000	0,000	-0,0025	0,000	0,000	12,6
65,840	-0,105	0,000	0,000	-0,0025	0,000	0,000	13,4
65,880	-0,105	0,000	-2,727	-0,0025	0,000	-0,065	12,8
65,920	-0,105	-0,218	-2,727	-0,0025	-0,005	-0,065	13,0
65,960	-0,122	-0,218	2,727	-0,0029	-0,005	0,065	12,7
66,000	-0,122	0,000	2,727	-0,0029	0,000	0,065	12,7
66,040	-0,122	0,000	0,000	-0,0029	0,000	0,000	12,9
66,080	-0,122	0,000	0,000	-0,0029	0,000	0,000	12,8
66,120	-0,122	0,000	0,000	-0,0029	0,000	0,000	12,6
66,160	-0,122	0,000		-0,0029	0,000		12,7
