Serie N.º 1	Serie N.º 1	Serie N.º 1	Serie N.º 1	Serie N.º 1	Serie N.º 1	Serie N.º 1	Serie N.º 1
Tiempo (s)	ángulo (rad)	Vector velocidad angular (rad/s)	Aceleración angular (rad/s²)	Posición (m)	Vector velocidad (m/s)	Aceleración (m/s²)	Intensidad luminosa (%)
0,000	0,000			0,0000			
0,040	0,000	0,000		0,0000	0,000		
0,080	0,000	0,000	0,000	0,0000	0,000	0,000	
0,120	0,000	0,000	0,000	0,0000	0,000	0,000	
0,160	0,000	0,000	0,000	0,0000	0,000	0,000	98,4
0,200	0,000	0,000	0,000	0,0000	0,000	0,000	98,6
0,240	0,000	0,000	0,000	0,0000	0,000	0,000	98,6
0,280	0,000	0,000	0,000	0,0000	0,000	0,000	98,6
0,320	0,000	0,000	0,000	0,0000	0,000	0,000	98,6
0,360	0,000	0,000	0,000	0,0000	0,000	0,000	98,6
0,400	0,000	0,000	0,000	0,0000	0,000	0,000	98,6
0,440	0,000	0,000	0,000	0,0000	0,000	0,000	98,6
0,480	0,000	0,000	0,000	0,0000	0,000	0,000	98,6
0,520	0,000	0,000	0,000	0,0000	0,000	0,000	98,6
0,560	0,000	0,000	0,000	0,0000	0,000	0,000	98,6
0,600	0,000	0,000	0,000	0,0000	0,000	0,000	98,6
0,640	0,000	0,000	0,000	0,0000	0,000	0,000	98,6
0,680	0,000	0,000	0,000	0,0000	0,000	0,000	98,6
0,720	0,000	0,000	0,000	0,0000	0,000	0,000	98,6
0,760	0,000	0,000	0,000	0,0000	0,000	0,000	98,6
0,800	0,000	0,000	0,000	0,0000	0,000	0,000	98,6
0,840	0,000	0,000	0,000	0,0000	0,000	0,000	98,6
0,880	0,000	0,000	0,000	0,0000	0,000	0,000	98,6
0,920	0,000	0,000	0,000	0,0000	0,000	0,000	98,6
0,960	0,000	0,000	0,000	0,0000	0,000	0,000	98,6
1,000	0,000	0,000	0,000	0,0000	0,000	0,000	98,6
1,040	0,000	0,000	0,000	0,0000	0,000	0,000	98,6
1,080	0,000	0,000	0,000	0,0000	0,000	0,000	98,6
1,120	0,000	0,000	0,000	0,0000	0,000	0,000	98,6
1,160	0,000	0,000	0,000	0,0000	0,000	0,000	98,6
1,200	0,000	0,000	0,000	0,0000	0,000	0,000	98,6
1,240	0,000	0,000	0,000	0,0000	0,000	0,000	98,6
1,280	0,000	0,000	0,000	0,0000	0,000	0,000	98,6
1,320	0,000	0,000	0,000	0,0000	0,000	0,000	98,6
1,360	0,000	0,000	0,000	0,0000	0,000	0,000	98,6
1,400	0,000	0,000	0,000	0,0000	0,000	0,000	98,6
1,440	0,000	0,000	0,000	0,0000	0,000	0,000	98,5
1,480	0,000	0,000	0,000	0,0000	0,000	0,000	98,6
1,520	0,000	0,000	0,000	0,0000	0,000	0,000	98,6
1,560	0,000	0,000	0,000	0,0000	0,000	0,000	98,6
1,600	0,000	0,000	0,000	0,0000	0,000	0,000	98,6
1,640	0,000	0,000	0,000	0,0000	0,000	0,000	98,6
1,680	0,000	0,000	0,000	0,0000	0,000	0,000	98,6
1,720	0,000	0,000	0,000	0,0000	0,000	0,000	98,6
1,760	0,000	0,000	0,000	0,0000	0,000	0,000	98,6
1,800	0,000	0,000	0,000	0,0000	0,000	0,000	98,6
1,840	0,000	0,000	0,000	0,0000	0,000	0,000	98,6
1,880	0,000	0,000	0,000	0,0000	0,000	0,000	98,6
1,920	0,000	0,000	0,000	0,0000	0,000	0,000	98,6
1,960	0,000	0,000	0,000	0,0000	0,000	0,000	98,6
2,000	0,000	0,000	0,000	0,0000	0,000	0,000	98,6
2,040	0,000	0,000	0,000	0,0000	0,000	0,000	98,7
2,080	0,000	0,000	0,000	0,0000	0,000	0,000	98,7
2,120	0,000	0,000	0,000	0,0000	0,000	0,000	98,6
2,160	0,000	0,000	0,000	0,0000	0,000	0,000	98,6
2,200	0,000	0,000	0,000	0,0000	0,000	0,000	98,6
2,240	0,000	0,000	0,000	0,0000	0,000	0,000	98,6
2,280	0,000	0,000	0,000	0,0000	0,000	0,000	98,6
2,320	0,000	0,000	0,000	0,0000	0,000	0,000	98,6
2,360	0,000	0,000	5,454	0,0000	0,000	0,130	98,6
2,400	0,000	0,436	21,817	0,0000	0,010	0,521	98,6
2,440	0,035	1,745	24,544	8,3333E-4	0,042	0,586	98,6
2,480	0,140	2,400	13,635	0,0033	0,057	0,326	98,6
2,520	0,227	2,836	16,362	0,0054	0,068	0,391	98,6
2,560	0,367	3,709	8,181	0,0087	0,089	0,195	98,6
2,600	0,524	3,491	-5,454	0,0125	0,083	-0,130	98,6
2,640	0,646	3,272	-2,727	0,0154	0,078	-0,065	98,6
2,680	0,785	3,272	-5,454	0,0188	0,078	-0,130	98,6
2,720	0,908	2,836	1,665E-14	0,0217	0,068	5,204E-16	98,6
2,760	1,012	3,272	13,635	0,0242	0,078	0,326	98,6
2,800	1,169	3,927	5,454	0,0279	0,094	0,130	98,6
2,840	1,326	3,709	-2,331E-13	0,0317	0,089	-5,898E-15	98,6
2,880	1,466	3,927	8,181	0,0350	0,094	0,195	98,5
2,920	1,641	4,363	8,181	0,0392	0,104	0,195	67,5
2,960	1,815	4,581	5,454	0,0433	0,109	0,130	40,5
3,000	2,007	4,800	5,454	0,0479	0,115	0,130	25,5
3,040	2,199	5,018	8,181	0,0525	0,120	0,195	18,5
3,080	2,409	5,454	5,454	0,0575	0,130	0,130	15,1
3,120	2,635	5,454	-5,454	0,0629	0,130	-0,130	13,5
3,160	2,845	5,018	-13,635	0,0679	0,120	-0,326	12,5
3,200	3,037	4,363	-19,090	0,0725	0,104	-0,456	11,5
3,240	3,194	3,491	-19,090	0,0762	0,083	-0,456	10,7
3,280	3,316	2,836	-8,181	0,0792	0,068	-0,195	9,8
3,320	3,421	2,836	2,727	0,0817	0,068	0,065	9,1
3,360	3,543	3,054	2,727	0,0846	0,073	0,065	8,6
3,400	3,665	3,054	-1,443E-13	0,0875	0,073	-5,204E-15	8,1
3,440	3,787	3,054	-1,388E-13	0,0904	0,073	0,000	7,8
3,480	3,910	3,054	0,000	0,0933	0,073	2,255E-15	7,5
3,520	4,032	3,054	2,727	0,0962	0,073	0,065	7,3
3,560	4,154	3,272	8,181	0,0992	0,078	0,195	7,0
3,600	4,294	3,709	10,908	0,1025	0,089	0,260	6,8
3,640	4,451	4,145	10,908	0,1062	0,099	0,260	6,5
3,680	4,625	4,581	10,908	0,1104	0,109	0,260	6,3
3,720	4,817	5,018	5,454	0,1150	0,120	0,130	6,2
3,760	5,027	5,018	-2,727	0,1200	0,120	-0,065	6,0
3,800	5,219	4,800	-10,908	0,1246	0,115	-0,260	5,8
3,840	5,411	4,145	-19,090	0,1292	0,099	-0,456	5,5
3,880	5,550	3,272	-13,635	0,1325	0,078	-0,326	5,3
3,920	5,672	3,054	-5,454	0,1354	0,073	-0,130	5,0
3,960	5,794	2,836	-8,181	0,1383	0,068	-0,195	4,8
4,000	5,899	2,400	-8,181	0,1408	0,057	-0,195	4,5
4,040	5,986	2,182	2,727	0,1429	0,052	0,065	4,4
4,080	6,074	2,618	13,635	0,1450	0,062	0,326	4,2
4,120	6,196	3,272	10,908	0,1479	0,078	0,260	4,1
4,160	6,336	3,491	8,181	0,1512	0,083	0,195	4,1
4,200	6,475	3,927	5,454	0,1546	0,094	0,130	3,9
4,240	6,650	3,927	-5,454	0,1588	0,094	-0,130	3,9
4,280	6,789	3,491	0,000	0,1621	0,083	0,000	3,7
4,320	6,929	3,927	8,181	0,1654	0,094	0,195	3,6
4,360	7,103	4,145	2,727	0,1696	0,099	0,065	3,5
4,400	7,261	4,145	5,454	0,1733	0,099	0,130	3,4
4,440	7,435	4,581	8,181	0,1775	0,109	0,195	3,3
4,480	7,627	4,800	5,454	0,1821	0,115	0,130	3,3
4,520	7,819	5,018	8,181	0,1867	0,120	0,195	3,1
4,560	8,029	5,454	10,908	0,1917	0,130	0,260	3,1
4,600	8,255	5,890	5,454	0,1971	0,141	0,130	3,0
4,640	8,500	5,890	-10,908	0,2029	0,141	-0,260	2,8
4,680	8,727	5,018	-19,090	0,2083	0,120	-0,456	2,8
4,720	8,901	4,363	-8,181	0,2125	0,104	-0,195	2,7
4,760	9,076	4,363	-2,727	0,2167	0,104	-0,065	2,6
4,800	9,250	4,145	-8,181	0,2208	0,099	-0,195	2,5
4,840	9,407	3,709	-8,181	0,2246	0,089	-0,195	2,4
4,880	9,547	3,491	-2,727	0,2279	0,083	-0,065	2,4
4,920	9,687	3,491	8,181	0,2312	0,083	0,195	2,3
4,960	9,826	4,145	8,181	0,2346	0,099	0,195	2,3
5,000	10,018	4,145	-8,181	0,2392	0,099	-0,195	2,3
5,040	10,158	3,491	-8,181	0,2425	0,083	-0,195	2,2
5,080	10,297	3,491	2,727	0,2458	0,083	0,065	2,2
5,120	10,437	3,709	2,727	0,2492	0,089	0,065	2,2
5,160	10,594	3,709	0,000	0,2529	0,089	1,301E-14	2,1
5,200	10,734	3,709	0,000	0,2562	0,089	0,000	2,1
5,240	10,891	3,709	-8,181	0,2600	0,089	-0,195	2,1
5,280	11,030	3,054	-13,635	0,2633	0,073	-0,326	2,1
5,320	11,135	2,618	-5,454	0,2658	0,062	-0,130	2,1
5,360	11,240	2,618	0,000	0,2683	0,062	0,000	2,0
5,400	11,345	2,618	-2,727	0,2708	0,062	-0,065	2,0
5,440	11,449	2,400	-2,727	0,2733	0,057	-0,065	1,9
5,480	11,537	2,400	0,000	0,2754	0,057	0,000	1,9
5,520	11,641	2,400	-5,454	0,2779	0,057	-0,130	1,9
5,560	11,729	1,963	-8,181	0,2800	0,047	-0,195	1,9
5,600	11,798	1,745	2,720E-13	0,2817	0,042	1,518E-14	1,9
5,640	11,868	1,963	16,362	0,2833	0,047	0,391	1,9
5,680	11,956	3,054	21,817	0,2854	0,073	0,521	1,9
5,720	12,113	3,709	5,454	0,2892	0,089	0,130	1,9
5,760	12,252	3,491	-5,454	0,2925	0,083	-0,130	1,9
5,800	12,392	3,272	-5,454	0,2958	0,078	-0,130	1,9
5,840	12,514	3,054	-2,727	0,2987	0,073	-0,065	1,9
5,880	12,636	3,054	0,000	0,3017	0,073	8,674E-15	1,9
5,920	12,758	3,054	-2,727	0,3046	0,073	-0,065	1,9
5,960	12,881	2,836	-5,454	0,3075	0,068	-0,130	1,8
6,000	12,985	2,618	-2,727	0,3100	0,062	-0,065	1,8
6,040	13,090	2,618	-5,454	0,3125	0,062	-0,130	1,8
6,080	13,195	2,182	-8,181	0,3150	0,052	-0,195	1,8
6,120	13,265	1,963	2,776E-13	0,3167	0,047	0,000	1,8
6,160	13,352	2,182	2,727	0,3187	0,052	0,065	1,8
6,200	13,439	2,182	2,727	0,3208	0,052	0,065	1,8
6,240	13,526	2,400	8,181	0,3229	0,057	0,195	1,8
6,280	13,631	2,836	8,181	0,3254	0,068	0,195	1,8
6,320	13,753	3,054	-2,727	0,3283	0,073	-0,065	1,8
6,360	13,875	2,618	-10,908	0,3312	0,062	-0,260	1,8
6,400	13,963	2,182	-8,181	0,3333	0,052	-0,195	1,8
6,440	14,050	1,963	2,727	0,3354	0,047	0,065	1,8
6,480	14,120	2,400	13,635	0,3371	0,057	0,326	1,8
6,520	14,242	3,054	8,181	0,3400	0,073	0,195	1,8
6,560	14,364	3,054	-2,727	0,3429	0,073	-0,065	1,8
6,600	14,486	2,836	-5,454	0,3458	0,068	-0,130	1,8
6,640	14,591	2,618	-2,727	0,3483	0,063	-0,065	1,8
6,680	14,696	2,618	2,727	0,3508	0,063	0,065	1,8
6,720	14,800	2,836	5,454	0,3533	0,068	0,130	1,7
6,760	14,923	3,054	8,181	0,3562	0,073	0,195	1,7
6,800	15,045	3,491	8,181	0,3592	0,083	0,195	1,7
6,840	15,202	3,709	5,454	0,3629	0,089	0,130	1,7
6,880	15,341	3,927	2,727	0,3662	0,094	0,065	1,7
6,920	15,516	3,927	-10,908	0,3704	0,094	-0,260	1,7
6,960	15,656	3,054	-16,362	0,3737	0,073	-0,391	1,8
7,000	15,760	2,618	-5,454	0,3762	0,062	-0,130	1,8
7,040	15,865	2,618	2,776E-13	0,3787	0,062	0,000	1,8
7,080	15,970	2,618	-2,727	0,3812	0,062	-0,065	1,8
7,120	16,074	2,400	-2,727	0,3837	0,057	-0,065	1,8
7,160	16,162	2,400	2,776E-13	0,3858	0,057	0,000	1,8
7,200	16,266	2,400	2,727	0,3883	0,057	0,065	1,9
7,240	16,354	2,618	2,727	0,3904	0,062	0,065	1,8
7,280	16,476	2,618	0,000	0,3933	0,062	0,000	1,8
7,320	16,563	2,618	0,000	0,3954	0,062	0,000	1,9
7,360	16,685	2,618	-2,727	0,3983	0,062	-0,065	1,9
7,400	16,773	2,400	2,727	0,4004	0,057	0,065	1,9
7,440	16,877	2,836	13,635	0,4029	0,068	0,326	1,9
7,480	17,000	3,491	13,635	0,4058	0,083	0,326	1,9
7,520	17,157	3,927	2,727	0,4096	0,094	0,065	1,8
7,560	17,314	3,709	5,454	0,4133	0,089	0,130	1,8
7,600	17,453	4,363	24,544	0,4167	0,104	0,586	1,7
7,640	17,663	5,672	19,090	0,4217	0,135	0,456	1,7
7,680	17,907	5,890	-2,727	0,4275	0,141	-0,065	1,6
7,720	18,134	5,454	-10,908	0,4329	0,130	-0,260	1,6
7,760	18,343	5,018	-8,181	0,4379	0,120	-0,195	1,6
7,800	18,535	4,800	-5,454	0,4425	0,115	-0,130	1,7
7,840	18,727	4,581	-5,454	0,4471	0,109	-0,130	1,7
7,880	18,902	4,363	-10,908	0,4512	0,104	-0,260	1,7
7,920	19,076	3,709	-19,090	0,4554	0,089	-0,456	1,8
7,960	19,199	2,836	-13,635	0,4583	0,068	-0,326	1,8
8,000	19,303	2,618	-5,551E-13	0,4608	0,062	-8,674E-15	1,9
8,040	19,408	2,836	3,664E-13	0,4633	0,068	8,674E-15	1,9
8,080	19,530	2,618	-8,181	0,4662	0,062	-0,195	1,9
8,120	19,617	2,182	-10,908	0,4683	0,052	-0,260	2,0
8,160	19,705	1,745	-13,635	0,4704	0,042	-0,326	2,1
8,200	19,757	1,091	-10,908	0,4717	0,026	-0,260	2,1
8,240	19,792	0,873	-5,454	0,4725	0,021	-0,130	2,1
8,280	19,827	0,654	-8,181	0,4733	0,016	-0,195	2,1
8,320	19,844	0,218	-8,181	0,4737	0,005	-0,195	2,1
8,360	19,844	0,000	-2,727	0,4737	0,000	-0,065	2,1
8,400	19,844	0,000	0,000	0,4737	0,000	0,000	2,2
8,440	19,844	0,000	0,000	0,4737	0,000	0,000	2,2
8,480	19,844	0,000	0,000	0,4737	0,000	0,000	2,2
8,520	19,844	0,000	0,000	0,4737	0,000	0,000	2,2
8,560	19,844	0,000	0,000	0,4737	0,000	0,000	2,2
8,600	19,844	0,000	0,000	0,4737	0,000	0,000	2,1
8,640	19,844	0,000	0,000	0,4737	0,000	0,000	2,1
8,680	19,844	0,000	0,000	0,4737	0,000	0,000	2,1
8,720	19,844	0,000	2,727	0,4737	0,000	0,065	2,1
8,760	19,844	0,218	2,727	0,4737	0,005	0,065	2,1
8,800	19,862	0,218	-2,727	0,4742	0,005	-0,065	2,1
8,840	19,862	0,000	-2,727	0,4742	0,000	-0,065	2,1
8,880	19,862	0,000	0,000	0,4742	0,000	0,000	2,1
8,920	19,862	0,000	0,000	0,4742	0,000	0,000	2,1
8,960	19,862	0,000	8,181	0,4742	0,000	0,195	2,1
9,000	19,862	0,654	16,362	0,4742	0,016	0,391	2,1
9,040	19,914	1,309	10,908	0,4754	0,031	0,260	2,1
9,080	19,967	1,527	8,181	0,4767	0,036	0,195	2,1
9,120	20,036	1,963	8,181	0,4783	0,047	0,195	2,1
9,160	20,124	2,182	0,000	0,4804	0,052	-8,674E-15	2,1
9,200	20,211	1,963	4,996E-14	0,4825	0,047	5,811E-15	2,1
9,240	20,281	2,182	8,181	0,4842	0,052	0,195	2,1
9,280	20,385	2,618	8,181	0,4867	0,062	0,195	2,1
9,320	20,490	2,836	5,454	0,4892	0,068	0,130	2,2
9,360	20,612	3,054	5,454	0,4921	0,073	0,130	2,3
9,400	20,735	3,272	5,454	0,4950	0,078	0,130	2,3
9,440	20,874	3,491	0,000	0,4983	0,083	0,000	2,4
9,480	21,014	3,272	-5,454	0,5017	0,078	-0,130	2,5
9,520	21,136	3,054	0,000	0,5046	0,073	0,000	2,5
9,560	21,258	3,272	13,635	0,5075	0,078	0,326	2,5
9,600	21,398	4,145	10,908	0,5108	0,099	0,260	2,5
9,640	21,590	4,145	-5,454	0,5154	0,099	-0,130	2,4
9,680	21,729	3,709	-2,727	0,5187	0,089	-0,065	2,3
9,720	21,886	3,927	-5,454	0,5225	0,094	-0,130	2,3
9,760	22,044	3,272	-10,908	0,5262	0,078	-0,260	2,3
9,800	22,148	3,054	5,454	0,5287	0,073	0,130	2,4
9,840	22,288	3,709	13,635	0,5321	0,089	0,326	2,5
9,880	22,445	4,145	2,727	0,5358	0,099	0,065	2,5
9,920	22,619	3,927	-10,908	0,5400	0,094	-0,260	2,6
9,960	22,759	3,272	-8,181	0,5433	0,078	-0,195	2,6
10,000	22,881	3,272	5,454	0,5463	0,078	0,130	2,6
10,040	23,021	3,709	8,181	0,5496	0,089	0,195	2,7
10,080	23,178	3,927	8,181	0,5533	0,094	0,195	2,8
10,120	23,335	4,363	8,181	0,5571	0,104	0,195	2,8
10,160	23,527	4,581	-5,454	0,5617	0,109	-0,130	2,9
10,200	23,702	3,927	-13,635	0,5658	0,094	-0,326	3,1
10,240	23,841	3,491	-5,454	0,5692	0,083	-0,130	3,1
10,280	23,981	3,491	-2,727	0,5725	0,083	-0,065	3,3
10,320	24,120	3,272	5,551E-13	0,5758	0,078	-1,735E-14	3,4
10,360	24,243	3,491	10,908	0,5788	0,083	0,260	3,5
10,400	24,400	4,145	8,181	0,5825	0,099	0,195	3,7
10,440	24,574	4,145	-8,181	0,5867	0,099	-0,195	3,8
10,480	24,731	3,491	-19,090	0,5904	0,083	-0,456	3,9
10,520	24,853	2,618	-19,090	0,5933	0,062	-0,456	4,0
10,560	24,941	1,963	-2,727	0,5954	0,047	-0,065	4,1
10,600	25,011	2,400	16,362	0,5971	0,057	0,391	4,3
10,640	25,133	3,272	13,635	0,6000	0,078	0,326	4,4
10,680	25,272	3,491	0,000	0,6033	0,083	0,000	4,5
10,720	25,412	3,272	-5,454	0,6067	0,078	-0,130	4,6
10,760	25,534	3,054	-13,635	0,6096	0,073	-0,326	4,7
10,800	25,656	2,182	-13,635	0,6125	0,052	-0,326	4,7
10,840	25,709	1,963	16,362	0,6137	0,047	0,391	4,7
10,880	25,813	3,491	27,271	0,6162	0,083	0,651	4,7
10,920	25,988	4,145	10,908	0,6204	0,099	0,260	4,8
10,960	26,145	4,363	2,727	0,6242	0,104	0,065	4,8
11,000	26,337	4,363	-2,727	0,6287	0,104	-0,065	4,8
11,040	26,494	4,145	-8,181	0,6325	0,099	-0,195	4,8
11,080	26,669	3,709	-16,362	0,6367	0,089	-0,391	4,9
11,120	26,791	2,836	-16,362	0,6396	0,068	-0,391	5,0
11,160	26,896	2,400	-5,454	0,6421	0,057	-0,130	5,1
11,200	26,983	2,400	2,727	0,6442	0,057	0,065	5,1
11,240	27,088	2,618	8,181	0,6467	0,063	0,195	5,1
11,280	27,192	3,054	5,454	0,6492	0,073	0,130	5,0
11,320	27,332	3,054	-8,181	0,6525	0,073	-0,195	5,0
11,360	27,437	2,400	-13,635	0,6550	0,057	-0,326	4,9
11,400	27,524	1,963	-8,181	0,6571	0,047	-0,195	4,9
11,440	27,594	1,745	0,000	0,6587	0,042	0,000	4,9
11,480	27,663	1,963	5,454	0,6604	0,047	0,130	4,8
11,520	27,751	2,182	2,727	0,6625	0,052	0,065	4,9
11,560	27,838	2,182	2,727	0,6646	0,052	0,065	4,9
11,600	27,925	2,400	2,727	0,6667	0,057	0,065	4,9
11,640	28,030	2,400	5,551E-13	0,6692	0,057	1,735E-14	4,9
11,680	28,117	2,400	8,181	0,6712	0,057	0,195	4,9
11,720	28,222	3,054	16,362	0,6737	0,073	0,391	4,9
11,760	28,362	3,709	8,181	0,6771	0,089	0,195	4,9
11,800	28,519	3,709	2,727	0,6808	0,089	0,065	5,0
11,840	28,658	3,927	2,727	0,6842	0,094	0,065	4,9
11,880	28,833	3,927	-5,454	0,6883	0,094	-0,130	5,0
11,920	28,972	3,491	-8,181	0,6917	0,083	-0,195	5,0
11,960	29,112	3,272	-5,454	0,6950	0,078	-0,130	5,1
12,000	29,234	3,054	-5,454	0,6979	0,073	-0,130	5,2
12,040	29,356	2,836	-2,727	0,7008	0,068	-0,065	5,1
12,080	29,461	2,836	5,454	0,7033	0,068	0,130	5,3
12,120	29,583	3,272	2,727	0,7062	0,078	0,065	5,3
12,160	29,723	3,054	-2,727	0,7096	0,073	-0,065	5,2
12,200	29,828	3,054	5,454	0,7121	0,073	0,130	5,1
12,240	29,967	3,491	8,181	0,7154	0,083	0,195	4,9
12,280	30,107	3,709	8,181	0,7187	0,089	0,195	4,8
12,320	30,264	4,145	8,181	0,7225	0,099	0,195	4,7
12,360	30,439	4,363	2,727	0,7267	0,104	0,065	4,6
12,400	30,613	4,363	2,727	0,7308	0,104	0,065	4,6
12,440	30,788	4,581	2,727	0,7350	0,109	0,065	4,6
12,480	30,980	4,581	-2,727	0,7396	0,109	-0,065	4,7
12,520	31,154	4,363	-2,727	0,7437	0,104	-0,065	4,8
12,560	31,329	4,363	-5,454	0,7479	0,104	-0,130	4,9
12,600	31,503	3,927	-8,181	0,7521	0,094	-0,195	5,0
12,640	31,643	3,709	-5,454	0,7554	0,089	-0,130	5,0
12,680	31,800	3,491	-5,454	0,7592	0,083	-0,130	4,9
12,720	31,922	3,272	0,000	0,7621	0,078	-1,735E-14	4,7
12,760	32,062	3,491	2,727	0,7654	0,083	0,065	4,6
12,800	32,201	3,491	5,454	0,7687	0,083	0,130	4,5
12,840	32,341	3,927	10,908	0,7721	0,094	0,260	4,5
12,880	32,515	4,363	8,181	0,7762	0,104	0,195	4,6
12,920	32,690	4,581	5,454	0,7804	0,109	0,130	4,6
12,960	32,882	4,800	2,727	0,7850	0,115	0,065	4,6
13,000	33,074	4,800	-2,727	0,7896	0,115	-0,065	4,6
13,040	33,266	4,581	-2,727	0,7942	0,109	-0,065	4,5
13,080	33,441	4,581	2,727	0,7983	0,109	0,065	4,5
13,120	33,632	4,800	1,110E-12	0,8029	0,115	0,000	4,5
13,160	33,824	4,581	1,110E-12	0,8075	0,109	-1,735E-14	4,5
13,200	33,999	4,800	2,727	0,8117	0,115	0,065	4,5
13,240	34,208	4,800	-8,181	0,8167	0,115	-0,195	4,5
13,280	34,383	4,145	-13,635	0,8208	0,099	-0,326	4,6
13,320	34,540	3,709	-8,181	0,8246	0,089	-0,195	4,7
13,360	34,680	3,491	-5,454	0,8279	0,083	-0,130	4,8
13,400	34,819	3,272	-2,727	0,8312	0,078	-0,065	4,9
13,440	34,941	3,272	5,454	0,8342	0,078	0,130	5,0
13,480	35,081	3,709	8,181	0,8375	0,089	0,195	5,2
13,520	35,238	3,927	1,110E-12	0,8413	0,094	0,000	5,3
13,560	35,395	3,709	-2,727	0,8450	0,089	-0,065	5,4
13,600	35,535	3,709	0,000	0,8483	0,089	0,000	5,5
13,640	35,692	3,709	-1,110E-12	0,8521	0,089	0,000	5,7
13,680	35,832	3,709	8,181	0,8554	0,089	0,195	5,8
13,720	35,989	4,363	10,908	0,8592	0,104	0,260	5,9
13,760	36,181	4,581	2,727	0,8637	0,109	0,065	6,1
13,800	36,355	4,581	-2,727	0,8679	0,109	-0,065	6,2
13,840	36,547	4,363	-10,908	0,8725	0,104	-0,260	6,3
13,880	36,704	3,709	-13,635	0,8762	0,089	-0,326	6,6
13,920	36,844	3,272	-2,727	0,8796	0,078	-0,065	6,8
13,960	36,966	3,491	8,181	0,8825	0,083	0,195	7,0
14,000	37,123	3,927	2,727	0,8862	0,094	0,065	7,2
14,040	37,280	3,709	-5,454	0,8900	0,089	-0,130	7,4
14,080	37,420	3,491	-5,454	0,8933	0,083	-0,130	7,6
14,120	37,559	3,272	0,000	0,8967	0,078	0,000	7,8
14,160	37,682	3,491	8,181	0,8996	0,083	0,195	8,0
14,200	37,839	3,927	8,181	0,9033	0,094	0,195	8,3
14,240	37,996	4,145	5,454	0,9071	0,099	0,130	8,4
14,280	38,170	4,363	5,454	0,9112	0,104	0,130	8,6
14,320	38,345	4,581	5,454	0,9154	0,109	0,130	8,9
14,360	38,537	4,800	2,727	0,9200	0,115	0,065	9,1
14,400	38,729	4,800	-2,727	0,9246	0,115	-0,065	9,2
14,440	38,921	4,581	-1,110E-12	0,9292	0,109	0,000	9,5
14,480	39,095	4,800	1,110E-12	0,9333	0,115	1,735E-14	9,8
14,520	39,305	4,581	-8,181	0,9383	0,109	-0,195	10,1
14,560	39,462	4,145	-5,454	0,9421	0,099	-0,130	10,3
14,600	39,636	4,145	-2,727	0,9462	0,099	-0,065	10,5
14,640	39,794	3,927	-5,454	0,9500	0,094	-0,130	10,8
14,680	39,951	3,709	-5,454	0,9538	0,089	-0,130	11,0
14,720	40,090	3,491	-5,454	0,9571	0,083	-0,130	11,2
14,760	40,230	3,272	-1,110E-12	0,9604	0,078	1,735E-14	11,4
14,800	40,352	3,491	8,181	0,9633	0,083	0,195	11,7
14,840	40,509	3,927	5,454	0,9671	0,094	0,130	11,8
14,880	40,666	3,927	-8,181	0,9708	0,094	-0,195	12,0
14,920	40,823	3,272	-13,635	0,9746	0,078	-0,326	12,2
14,960	40,928	2,836	-2,727	0,9771	0,068	-0,065	12,4
15,000	41,050	3,054	-5,454	0,9800	0,073	-0,130	12,5
15,040	41,172	2,400	-19,090	0,9829	0,057	-0,456	12,6
15,080	41,242	1,527	-13,635	0,9846	0,036	-0,326	12,8
15,120	41,294	1,309	-5,454	0,9858	0,031	-0,130	12,9
15,160	41,347	1,091	-5,454	0,9871	0,026	-0,130	13,0
15,200	41,382	0,873	-2,727	0,9879	0,021	-0,065	13,1
15,240	41,417	0,873	-1,110E-12	0,9887	0,021	1,735E-14	13,3
15,280	41,452	0,873	1,353E-12	0,9896	0,021	5,768E-15	13,3
15,320	41,486	0,873	1,110E-12	0,9904	0,021	0,000	13,3
15,360	41,521	0,873	2,727	0,9913	0,021	0,065	13,3
15,400	41,556	1,091	5,454	0,9921	0,026	0,130	13,3
15,440	41,609	1,309	5,454	0,9933	0,031	0,130	13,3
15,480	41,661	1,527	8,181	0,9946	0,036	0,195	13,4
15,520	41,731	1,963	10,908	0,9962	0,047	0,260	13,3
15,560	41,818	2,400	8,181	0,9983	0,057	0,195	13,3
15,600	41,923	2,618	5,454	1,0008	0,062	0,130	13,4
15,640	42,028	2,836	5,454	1,0033	0,068	0,130	13,4
15,680	42,150	3,054	-2,727	1,0062	0,073	-0,065	13,5
15,720	42,272	2,618	-10,908	1,0092	0,063	-0,260	13,5
15,760	42,359	2,182	-10,908	1,0113	0,052	-0,260	13,6
15,800	42,446	1,745	-10,908	1,0133	0,042	-0,260	13,8
15,840	42,499	1,309	2,727	1,0146	0,031	0,065	13,8
15,880	42,551	1,963	19,090	1,0158	0,047	0,456	14,0
15,920	42,656	2,836	21,817	1,0183	0,068	0,521	14,1
15,960	42,778	3,709	13,635	1,0213	0,089	0,326	14,1
16,000	42,953	3,927	-8,181	1,0254	0,094	-0,195	14,1
16,040	43,092	3,054	-19,090	1,0287	0,073	-0,456	14,3
16,080	43,197	2,400	-16,362	1,0313	0,057	-0,391	14,3
16,120	43,284	1,745	-10,908	1,0333	0,042	-0,260	14,5
16,160	43,337	1,527	-2,082E-12	1,0346	0,036	1,154E-14	14,6
16,200	43,406	1,745	8,181	1,0362	0,042	0,195	14,6
16,240	43,476	2,182	8,181	1,0379	0,052	0,195	14,8
16,280	43,581	2,400	8,181	1,0404	0,057	0,195	15,0
16,320	43,668	2,836	10,908	1,0425	0,068	0,260	15,1
16,360	43,808	3,272	5,454	1,0458	0,078	0,130	15,2
16,400	43,930	3,272	-7,050E-13	1,0487	0,078	-8,674E-15	15,4
16,440	44,070	3,272	-2,727	1,0521	0,078	-0,065	15,4
16,480	44,192	3,054	-2,727	1,0550	0,073	-0,065	15,6
16,520	44,314	3,054	-1,699E-12	1,0579	0,073	-4,042E-14	15,7
16,560	44,436	3,054	-1,699E-12	1,0608	0,073	-4,042E-14	16,0
16,600	44,558	3,054	-2,727	1,0638	0,073	-0,065	16,1
16,640	44,680	2,836	-5,454	1,0667	0,068	-0,130	16,4
16,680	44,785	2,618	-2,727	1,0692	0,062	-0,065	16,6
16,720	44,890	2,618	-1,454E-12	1,0717	0,062	0,000	16,7
16,760	44,995	2,618	1,454E-12	1,0742	0,062	6,939E-14	16,8
16,800	45,099	2,618	1,454E-12	1,0767	0,063	0,000	16,9
16,840	45,204	2,618	10,908	1,0792	0,062	0,260	17,0
16,880	45,309	3,491	16,362	1,0817	0,083	0,391	17,1
16,920	45,483	3,927	2,727	1,0858	0,094	0,065	17,2
16,960	45,623	3,709	2,727	1,0892	0,089	0,065	17,3
17,000	45,780	4,145	5,454	1,0929	0,099	0,130	17,3
17,040	45,955	4,145	-2,298E-12	1,0971	0,099	-2,030E-14	17,3
17,080	46,112	4,145	2,727	1,1008	0,099	0,065	17,3
17,120	46,286	4,363	2,727	1,1050	0,104	0,065	17,4
17,160	46,461	4,363	-5,454	1,1092	0,104	-0,130	17,4
17,200	46,635	3,927	-10,908	1,1133	0,094	-0,260	17,4
17,240	46,775	3,491	-8,181	1,1167	0,083	-0,195	17,3
17,280	46,914	3,272	-10,908	1,1200	0,078	-0,260	17,3
17,320	47,037	2,618	-13,635	1,1229	0,063	-0,326	17,4
17,360	47,124	2,182	-5,454	1,1250	0,052	-0,130	17,3
17,400	47,211	2,182	9,992E-14	1,1271	0,052	2,888E-14	17,2
17,440	47,298	2,182	-2,727	1,1292	0,052	-0,065	17,3
17,480	47,386	1,963	1,110E-12	1,1312	0,047	0,000	17,3
17,520	47,455	2,182	8,181	1,1329	0,052	0,195	17,2
17,560	47,560	2,618	-1,210E-12	1,1354	0,062	-2,888E-14	17,2
17,600	47,665	2,182	-8,181	1,1379	0,052	-0,195	17,2
17,640	47,735	1,963	9,992E-14	1,1396	0,047	2,888E-14	17,1
17,680	47,822	2,182	2,727	1,1417	0,052	0,065	17,1
17,720	47,909	2,182	2,727	1,1437	0,052	0,065	17,1
17,760	47,997	2,400	5,454	1,1458	0,057	0,130	17,1
17,800	48,101	2,618	2,727	1,1483	0,062	0,065	17,0
17,840	48,206	2,618	2,727	1,1508	0,063	0,065	17,0
17,880	48,311	2,836	2,727	1,1533	0,068	0,065	17,0
17,920	48,433	2,836	-5,454	1,1563	0,068	-0,130	17,0
17,960	48,538	2,400	-13,635	1,1588	0,057	-0,326	17,0
18,000	48,625	1,745	-8,181	1,1608	0,042	-0,195	17,0
18,040	48,677	1,745	5,454	1,1621	0,042	0,130	16,9
18,080	48,764	2,182	5,454	1,1642	0,052	0,130	16,9
18,120	48,852	2,182	-2,727	1,1663	0,052	-0,065	16,8
18,160	48,939	1,963	-1,210E-12	1,1683	0,047	-2,888E-14	16,8
18,200	49,009	2,182	2,727	1,1700	0,052	0,065	16,8
18,240	49,114	2,182	-5,454	1,1725	0,052	-0,130	16,8
18,280	49,183	1,745	-5,454	1,1742	0,042	-0,130	16,7
18,320	49,253	1,745	-9,714E-13	1,1758	0,042	-2,316E-14	16,7
18,360	49,323	1,745	-10,908	1,1775	0,042	-0,260	16,8
18,400	49,393	0,873	-19,090	1,1792	0,021	-0,456	16,7
18,440	49,393	0,218	-8,181	1,1792	0,005	-0,195	16,7
18,480	49,410	0,218	-2,727	1,1796	0,005	-0,065	16,7
18,520	49,410	0,000	-2,727	1,1796	0,000	-0,065	16,7
18,560	49,410	0,000	0,000	1,1796	0,000	0,000	16,6
18,600	49,410	0,000	0,000	1,1796	0,000	0,000	16,7
18,640	49,410	0,000	0,000	1,1796	0,000	0,000	16,7
18,680	49,410	0,000	0,000	1,1796	0,000	0,000	16,6
18,720	49,410	0,000	0,000	1,1796	0,000	0,000	16,7
18,760	49,410	0,000	0,000	1,1796	0,000	0,000	16,7
18,800	49,410	0,000	-2,727	1,1796	0,000	-0,065	16,7
18,840	49,410	-0,218	-2,727	1,1796	-0,005	-0,065	16,7
18,880	49,393	-0,218	2,727	1,1792	-0,005	0,065	16,7
18,920	49,393	0,000	2,727	1,1792	0,000	0,065	16,8
18,960	49,393	0,000	0,000	1,1792	0,000	0,000	16,7
19,000	49,393	0,000	-2,727	1,1792	0,000	-0,065	16,7
19,040	49,393	-0,218	-5,454	1,1792	-0,005	-0,130	16,8
19,080	49,375	-0,436	-38,179	1,1788	-0,010	-0,911	16,9
19,120	49,358	-3,272	-70,904	1,1783	-0,078	-1,693	16,8
19,160	49,114	-6,109	-24,544	1,1725	-0,146	-0,586	16,8
19,200	48,869	-5,236	35,452	1,1667	-0,125	0,846	16,9
19,240	48,695	-3,272	35,452	1,1625	-0,078	0,846	16,8
19,280	48,607	-2,400	13,635	1,1604	-0,057	0,326	16,9
19,320	48,503	-2,182	5,454	1,1579	-0,052	0,130	16,9
19,360	48,433	-1,963	-2,727	1,1563	-0,047	-0,065	17,0
19,400	48,346	-2,400	-8,181	1,1542	-0,057	-0,195	17,0
19,440	48,241	-2,618	-2,220E-13	1,1517	-0,062	-3,183E-14	17,0
19,480	48,136	-2,400	-8,181	1,1492	-0,057	-0,195	17,1
19,520	48,049	-3,272	-24,544	1,1471	-0,078	-0,586	17,1
19,560	47,874	-4,363	-16,362	1,1429	-0,104	-0,391	17,2
19,600	47,700	-4,581	-5,454	1,1388	-0,109	-0,130	17,2
19,640	47,508	-4,800	-2,727	1,1342	-0,115	-0,065	17,2
19,680	47,316	-4,800	2,727	1,1296	-0,115	0,065	17,2
19,720	47,124	-4,581	8,181	1,1250	-0,109	0,195	17,3
19,760	46,949	-4,145	2,727	1,1208	-0,099	0,065	17,3
19,800	46,792	-4,363	-8,181	1,1171	-0,104	-0,195	17,3
19,840	46,600	-4,800	-2,727	1,1125	-0,115	-0,065	17,3
19,880	46,408	-4,581	2,727	1,1079	-0,109	0,065	17,4
19,920	46,234	-4,581	-2,727	1,1038	-0,109	-0,065	17,4
19,960	46,042	-4,800	2,727	1,0992	-0,115	0,065	17,4
20,000	45,850	-4,363	10,908	1,0946	-0,104	0,260	17,4
20,040	45,693	-3,927	5,454	1,0908	-0,094	0,130	17,4
20,080	45,536	-3,927	2,727	1,0871	-0,094	0,065	17,4
20,120	45,379	-3,709	5,454	1,0833	-0,089	0,130	17,4
20,160	45,239	-3,491	3,170E-12	1,0800	-0,083	4,909E-14	17,4
20,200	45,099	-3,709	2,727	1,0767	-0,089	0,065	17,3
20,240	44,942	-3,272	16,362	1,0729	-0,078	0,391	17,2
20,280	44,838	-2,400	10,908	1,0704	-0,057	0,260	17,1
20,320	44,750	-2,400	5,454	1,0683	-0,057	0,130	16,9
20,360	44,646	-1,963	13,635	1,0658	-0,047	0,326	16,8
20,400	44,593	-1,309	10,908	1,0646	-0,031	0,260	16,7
20,440	44,541	-1,091	-7,272E-13	1,0633	-0,026	-1,735E-14	16,7
20,480	44,506	-1,309	-8,181	1,0625	-0,031	-0,195	16,6
20,520	44,436	-1,745	-10,908	1,0608	-0,042	-0,260	16,5
20,560	44,366	-2,182	-8,181	1,0592	-0,052	-0,195	16,5
20,600	44,262	-2,400	-9,992E-14	1,0567	-0,057	-2,888E-14	16,4
20,640	44,174	-2,182	-2,727	1,0546	-0,052	-0,065	16,3
20,680	44,087	-2,618	-16,362	1,0525	-0,062	-0,391	16,2
20,720	43,965	-3,491	-13,635	1,0496	-0,083	-0,326	16,2
20,760	43,808	-3,709	-2,727	1,0458	-0,089	-0,065	16,1
20,800	43,668	-3,709	-2,727	1,0425	-0,089	-0,065	16,0
20,840	43,511	-3,927	-2,727	1,0387	-0,094	-0,065	15,8
20,880	43,354	-3,927	5,454	1,0350	-0,094	0,130	15,7
20,920	43,197	-3,491	5,454	1,0313	-0,083	0,130	15,6
20,960	43,075	-3,491	-5,454	1,0283	-0,083	-0,130	15,3
21,000	42,918	-3,927	8,327E-13	1,0246	-0,094	8,101E-14	15,1
21,040	42,761	-3,491	16,362	1,0208	-0,083	0,391	14,9
21,080	42,638	-2,618	13,635	1,0179	-0,062	0,326	14,8
21,120	42,551	-2,400	-5,454	1,0158	-0,057	-0,130	14,7
21,160	42,446	-3,054	-8,181	1,0133	-0,073	-0,195	14,5
21,200	42,307	-3,054	1,699E-12	1,0100	-0,073	4,042E-14	14,4
21,240	42,202	-3,054	-5,454	1,0075	-0,073	-0,130	14,2
21,280	42,062	-3,491	-5,454	1,0042	-0,083	-0,130	14,1
21,320	41,923	-3,491	-2,727	1,0008	-0,083	-0,065	14,1
21,360	41,783	-3,709	-8,181	0,9975	-0,089	-0,195	13,9
21,400	41,626	-4,145	-2,727	0,9937	-0,099	-0,065	13,8
21,440	41,452	-3,927	5,454	0,9896	-0,094	0,130	13,6
21,480	41,312	-3,709	-2,727	0,9862	-0,089	-0,065	13,4
21,520	41,155	-4,145	-8,181	0,9825	-0,099	-0,195	13,2
21,560	40,980	-4,363	2,727	0,9783	-0,104	0,065	13,0
21,600	40,806	-3,927	8,181	0,9742	-0,094	0,195	12,8
21,640	40,666	-3,709	-2,727	0,9708	-0,089	-0,065	12,6
21,680	40,509	-4,145	-8,181	0,9671	-0,099	-0,195	12,5
21,720	40,335	-4,363	-5,454	0,9629	-0,104	-0,130	12,3
21,760	40,160	-4,581	-2,420E-12	0,9587	-0,109	-7,511E-14	12,1
21,800	39,968	-4,363	5,454	0,9542	-0,104	0,130	11,9
21,840	39,811	-4,145	5,454	0,9504	-0,099	0,130	11,7
21,880	39,636	-3,927	10,908	0,9462	-0,094	0,260	11,5
21,920	39,497	-3,272	13,635	0,9429	-0,078	0,326	11,3
21,960	39,375	-2,836	5,454	0,9400	-0,068	0,130	11,1
22,000	39,270	-2,836	-2,727	0,9375	-0,068	-0,065	10,9
22,040	39,148	-3,054	1,571E-12	0,9346	-0,073	2,030E-14	10,7
22,080	39,026	-2,836	8,181	0,9317	-0,068	0,195	10,5
22,120	38,921	-2,400	13,635	0,9292	-0,057	0,326	10,4
22,160	38,834	-1,745	5,454	0,9271	-0,042	0,130	10,3
22,200	38,781	-1,963	-13,635	0,9258	-0,047	-0,326	10,2
22,240	38,676	-2,836	-13,635	0,9233	-0,068	-0,326	10,1
22,280	38,554	-3,054	-5,454	0,9204	-0,073	-0,130	10,0
22,320	38,432	-3,272	-8,181	0,9175	-0,078	-0,195	9,9
22,360	38,293	-3,709	-8,181	0,9142	-0,089	-0,195	9,9
22,400	38,135	-3,927	-9,492E-13	0,9104	-0,094	-4,909E-14	9,8
22,440	37,978	-3,709	10,908	0,9067	-0,089	0,260	9,7
22,480	37,839	-3,054	8,181	0,9033	-0,073	0,195	9,5
22,520	37,734	-3,054	-2,727	0,9008	-0,073	-0,065	9,4
22,560	37,594	-3,272	-5,454	0,8975	-0,078	-0,130	9,3
22,600	37,472	-3,491	-8,181	0,8946	-0,083	-0,195	9,1
22,640	37,315	-3,927	-5,454	0,8908	-0,094	-0,130	8,9
22,680	37,158	-3,927	2,727	0,8871	-0,094	0,065	8,8
22,720	37,001	-3,709	8,181	0,8833	-0,089	0,195	8,6
22,760	36,861	-3,272	8,181	0,8800	-0,078	0,195	8,6
22,800	36,739	-3,054	2,727	0,8771	-0,073	0,065	8,3
22,840	36,617	-3,054	-2,727	0,8742	-0,073	-0,065	8,1
22,880	36,495	-3,272	-5,454	0,8712	-0,078	-0,130	8,0
22,920	36,355	-3,491	-2,727	0,8679	-0,083	-0,065	7,9
22,960	36,216	-3,491	-8,327E-13	0,8646	-0,083	-2,897E-14	7,8
23,000	36,076	-3,491	-2,727	0,8612	-0,083	-0,065	7,6
23,040	35,936	-3,709	8,327E-13	0,8579	-0,089	2,897E-14	7,5
23,080	35,779	-3,491	5,454	0,8542	-0,083	0,130	7,5
23,120	35,657	-3,272	-8,327E-13	0,8512	-0,078	-4,632E-14	7,3
23,160	35,517	-3,491	7,050E-13	0,8479	-0,083	2,602E-14	7,2
23,200	35,378	-3,272	8,181	0,8446	-0,078	0,195	7,1
23,240	35,256	-2,836	-7,050E-13	0,8417	-0,068	-2,602E-14	6,9
23,280	35,151	-3,272	-10,908	0,8392	-0,078	-0,260	6,8
23,320	34,994	-3,709	-8,181	0,8354	-0,089	-0,195	6,6
23,360	34,854	-3,927	-13,635	0,8321	-0,094	-0,326	6,5
23,400	34,680	-4,800	-21,817	0,8279	-0,115	-0,521	6,3
23,440	34,470	-5,672	-10,908	0,8229	-0,135	-0,260	6,2
23,480	34,226	-5,672	0,000	0,8171	-0,135	0,000	6,1
23,520	34,016	-5,672	-2,727	0,8121	-0,135	-0,065	6,0
23,560	33,772	-5,890	2,032E-12	0,8062	-0,141	9,263E-14	5,8
23,600	33,545	-5,672	16,362	0,8008	-0,135	0,391	5,6
23,640	33,318	-4,581	24,544	0,7954	-0,109	0,586	5,4
23,680	33,179	-3,709	5,454	0,7921	-0,089	0,130	5,2
23,720	33,022	-4,145	-10,908	0,7883	-0,099	-0,260	5,0
23,760	32,847	-4,581	-16,362	0,7842	-0,109	-0,391	4,8
23,800	32,655	-5,454	-16,362	0,7796	-0,130	-0,391	4,7
23,840	32,411	-5,890	-2,727	0,7737	-0,141	-0,065	4,6
23,880	32,184	-5,672	8,181	0,7683	-0,135	0,195	4,6
23,920	31,957	-5,236	8,181	0,7629	-0,125	0,195	4,6
23,960	31,765	-5,018	2,727	0,7583	-0,120	0,065	4,6
24,000	31,556	-5,018	5,454	0,7533	-0,120	0,130	4,6
24,040	31,364	-4,581	8,181	0,7487	-0,109	0,195	4,5
24,080	31,189	-4,363	-2,542E-12	0,7446	-0,104	-4,337E-14	4,5
24,120	31,014	-4,581	-8,181	0,7404	-0,109	-0,195	4,5
24,160	30,823	-5,018	-10,908	0,7358	-0,120	-0,260	4,6
24,200	30,613	-5,454	3,331E-12	0,7308	-0,130	4,909E-14	4,6
24,240	30,386	-5,018	19,090	0,7254	-0,120	0,456	4,7
24,280	30,212	-3,927	10,908	0,7212	-0,094	0,260	4,7
24,320	30,072	-4,145	-13,635	0,7179	-0,099	-0,326	4,6
24,360	29,880	-5,018	-16,362	0,7133	-0,120	-0,391	4,6
24,400	29,671	-5,454	-2,727	0,7083	-0,130	-0,065	4,5
24,440	29,444	-5,236	8,181	0,7029	-0,125	0,195	4,5
24,480	29,252	-4,800	5,454	0,6983	-0,115	0,130	4,5
24,520	29,060	-4,800	5,454	0,6937	-0,115	0,130	4,6
24,560	28,868	-4,363	8,181	0,6892	-0,104	0,195	4,8
24,600	28,711	-4,145	-2,975E-12	0,6854	-0,099	-7,511E-14	4,8
24,640	28,536	-4,363	-2,727	0,6812	-0,104	-0,065	4,9
24,680	28,362	-4,363	-5,454	0,6771	-0,104	-0,130	4,8
24,720	28,187	-4,800	-16,362	0,6729	-0,115	-0,391	4,8
24,760	27,978	-5,672	-16,362	0,6679	-0,135	-0,391	4,7
24,800	27,733	-6,109	-8,181	0,6621	-0,146	-0,195	4,7
24,840	27,489	-6,327	5,454	0,6562	-0,151	0,130	4,7
24,880	27,227	-5,672	19,090	0,6500	-0,135	0,456	4,6
24,920	27,035	-4,800	13,635	0,6454	-0,115	0,326	4,6
24,960	26,843	-4,581	10,908	0,6408	-0,109	0,260	4,5
25,000	26,669	-3,927	24,544	0,6367	-0,094	0,586	4,6
25,040	26,529	-2,618	35,452	0,6333	-0,062	0,846	4,6
25,080	26,459	-1,091	24,544	0,6317	-0,026	0,586	4,7
25,120	26,442	-0,654	5,454	0,6312	-0,016	0,130	4,7
25,160	26,407	-0,654	2,727	0,6304	-0,016	0,065	4,7
25,200	26,389	-0,436	3,636E-13	0,6300	-0,010	-8,674E-15	4,7
25,240	26,372	-0,654	-2,727	0,6296	-0,016	-0,065	4,7
25,280	26,337	-0,654	-5,454	0,6287	-0,016	-0,130	4,7
25,320	26,320	-1,091	-10,908	0,6283	-0,026	-0,260	4,6
25,360	26,250	-1,527	-5,454	0,6267	-0,036	-0,130	4,6
25,400	26,197	-1,527	-8,181	0,6254	-0,036	-0,195	4,6
25,440	26,128	-2,182	-13,635	0,6237	-0,052	-0,326	4,6
25,480	26,023	-2,618	-5,454	0,6212	-0,063	-0,130	4,6
25,520	25,918	-2,618	1,454E-12	0,6187	-0,062	3,469E-14	4,6
25,560	25,813	-2,618	-1,454E-12	0,6162	-0,062	-3,469E-14	4,6
25,600	25,709	-2,618	-1,454E-12	0,6137	-0,063	-1,735E-14	4,6
25,640	25,604	-2,618	5,454	0,6112	-0,062	0,130	4,6
25,680	25,499	-2,182	8,181	0,6088	-0,052	0,195	4,6
25,720	25,429	-1,963	5,454	0,6071	-0,047	0,130	4,5
25,760	25,342	-1,745	8,181	0,6050	-0,042	0,195	4,5
25,800	25,290	-1,309	-4,163E-13	0,6038	-0,031	-4,051E-14	4,6
25,840	25,237	-1,745	-21,817	0,6025	-0,042	-0,521	4,6
25,880	25,150	-3,054	-27,271	0,6004	-0,073	-0,651	4,6
25,920	24,993	-3,927	-8,181	0,5967	-0,094	-0,195	4,6
25,960	24,836	-3,709	10,908	0,5929	-0,089	0,260	4,6
26,000	24,696	-3,054	19,090	0,5896	-0,073	0,456	4,6
26,040	24,592	-2,182	16,362	0,5871	-0,052	0,391	4,5
26,080	24,522	-1,745	10,908	0,5854	-0,042	0,260	4,5
26,120	24,452	-1,309	5,454	0,5838	-0,031	0,130	4,5
26,160	24,417	-1,309	-2,727	0,5829	-0,031	-0,065	4,4
26,200	24,347	-1,527	7,272E-13	0,5812	-0,036	3,469E-14	4,3
26,240	24,295	-1,309	5,454	0,5800	-0,031	0,130	4,3
26,280	24,243	-1,091	-7,272E-13	0,5788	-0,026	-3,469E-14	4,2
26,320	24,208	-1,309	-8,181	0,5779	-0,031	-0,195	4,2
26,360	24,138	-1,745	-8,181	0,5762	-0,042	-0,195	4,2
26,400	24,068	-1,963	-4,163E-13	0,5746	-0,047	-4,051E-14	4,2
26,440	23,981	-1,745	5,454	0,5725	-0,042	0,130	4,2
26,480	23,928	-1,527	4,163E-13	0,5712	-0,036	4,051E-14	4,2
26,520	23,859	-1,745	2,942E-13	0,5696	-0,042	2,021E-14	4,1
26,560	23,789	-1,527	2,727	0,5679	-0,036	0,065	4,1
26,600	23,736	-1,527	-2,942E-13	0,5667	-0,036	-2,021E-14	4,0
26,640	23,667	-1,527	-5,454	0,5650	-0,036	-0,130	4,0
26,680	23,614	-1,963	-10,908	0,5637	-0,047	-0,260	4,0
26,720	23,510	-2,400	-5,454	0,5612	-0,057	-0,130	3,9
26,760	23,422	-2,400	2,727	0,5592	-0,057	0,065	3,9
26,800	23,318	-2,182	2,727	0,5567	-0,052	0,065	3,8
26,840	23,248	-2,182	-8,181	0,5550	-0,052	-0,195	3,7
26,880	23,143	-2,836	-10,908	0,5525	-0,068	-0,260	3,7
26,920	23,021	-3,054	-2,727	0,5496	-0,073	-0,065	3,6
26,960	22,899	-3,054	-2,727	0,5467	-0,073	-0,065	3,5
27,000	22,777	-3,272	-5,454	0,5437	-0,078	-0,130	3,4
27,040	22,637	-3,491	1,815E-12	0,5404	-0,083	4,337E-14	3,4
27,080	22,497	-3,272	5,454	0,5371	-0,078	0,130	3,3
27,120	22,375	-3,054	-1,815E-12	0,5342	-0,073	-6,072E-14	3,3
27,160	22,253	-3,272	-2,727	0,5312	-0,078	-0,065	3,2
27,200	22,113	-3,272	1,815E-12	0,5279	-0,078	6,072E-14	3,1
27,240	21,991	-3,272	-5,454	0,5250	-0,078	-0,130	3,1
27,280	21,852	-3,709	-5,454	0,5217	-0,089	-0,130	3,1
27,320	21,694	-3,709	2,727	0,5179	-0,089	0,065	3,0
27,360	21,555	-3,491	1,504E-12	0,5146	-0,083	4,909E-14	2,9
27,400	21,415	-3,709	-5,454	0,5112	-0,089	-0,130	2,8
27,440	21,258	-3,927	-1,504E-12	0,5075	-0,094	-4,909E-14	2,7
27,480	21,101	-3,709	2,727	0,5037	-0,089	0,065	2,7
27,520	20,961	-3,709	2,727	0,5004	-0,089	0,065	2,7
27,560	20,804	-3,491	8,181	0,4967	-0,083	0,195	2,7
27,600	20,682	-3,054	2,727	0,4937	-0,073	0,065	2,7
27,640	20,560	-3,272	-5,454	0,4908	-0,078	-0,130	2,8
27,680	20,420	-3,491	2,370E-12	0,4875	-0,083	3,469E-14	2,8
27,720	20,281	-3,272	2,727	0,4842	-0,078	0,065	2,8
27,760	20,159	-3,272	-2,727	0,4812	-0,078	-0,065	2,6
27,800	20,019	-3,491	-2,727	0,4779	-0,083	-0,065	2,5
27,840	19,879	-3,491	2,727	0,4746	-0,083	0,065	2,4
27,880	19,740	-3,272	2,727	0,4712	-0,078	0,065	2,3
27,920	19,617	-3,272	-5,454	0,4683	-0,078	-0,130	2,2
27,960	19,478	-3,709	-8,181	0,4650	-0,089	-0,195	2,1
28,000	19,321	-3,927	-5,454	0,4612	-0,094	-0,130	2,1
28,040	19,164	-4,145	-2,727	0,4575	-0,099	-0,065	2,0
28,080	18,989	-4,145	2,727	0,4533	-0,099	0,065	2,0
28,120	18,832	-3,927	2,727	0,4496	-0,094	0,065	1,9
28,160	18,675	-3,927	2,176E-12	0,4458	-0,094	5,204E-14	1,9
28,200	18,518	-3,927	2,727	0,4421	-0,094	0,065	1,8
28,240	18,361	-3,709	2,727	0,4383	-0,089	0,065	1,9
28,280	18,221	-3,709	2,727	0,4350	-0,089	0,065	1,8
28,320	18,064	-3,491	5,454	0,4312	-0,083	0,130	1,8
28,360	17,942	-3,272	-2,727	0,4283	-0,078	-0,065	1,8
28,400	17,802	-3,709	-5,454	0,4250	-0,089	-0,130	1,8
28,440	17,645	-3,709	5,454	0,4212	-0,089	0,130	1,7
28,480	17,506	-3,272	10,908	0,4179	-0,078	0,260	1,7
28,520	17,383	-2,836	2,727	0,4150	-0,068	0,065	1,7
28,560	17,279	-3,054	-10,908	0,4125	-0,073	-0,260	1,6
28,600	17,139	-3,709	-13,635	0,4092	-0,089	-0,326	1,7
28,640	16,982	-4,145	-10,908	0,4054	-0,099	-0,260	1,7
28,680	16,808	-4,581	-10,908	0,4012	-0,109	-0,260	1,7
28,720	16,616	-5,018	-8,181	0,3967	-0,120	-0,195	1,8
28,760	16,406	-5,236	-3,331E-12	0,3917	-0,125	-6,644E-14	1,9
28,800	16,197	-5,018	8,181	0,3867	-0,120	0,195	1,9
28,840	16,005	-4,581	8,181	0,3821	-0,109	0,195	2,0
28,880	15,830	-4,363	5,454	0,3779	-0,104	0,130	2,0
28,920	15,656	-4,145	8,181	0,3737	-0,099	0,195	2,0
28,960	15,499	-3,709	5,454	0,3700	-0,089	0,130	1,9
29,000	15,359	-3,709	2,727	0,3667	-0,089	0,065	1,9
29,040	15,202	-3,491	5,454	0,3629	-0,083	0,130	1,9
29,080	15,080	-3,272	-1,943E-12	0,3600	-0,078	-4,632E-14	1,9
29,120	14,940	-3,491	-5,454	0,3567	-0,083	-0,130	1,8
29,160	14,800	-3,709	2,727	0,3533	-0,089	0,065	1,8
29,200	14,643	-3,272	13,635	0,3496	-0,078	0,326	1,8
29,240	14,539	-2,618	2,727	0,3471	-0,062	0,065	1,8
29,280	14,434	-3,054	-2,727	0,3446	-0,073	-0,065	1,8
29,320	14,294	-2,836	10,908	0,3412	-0,068	0,260	1,9
29,360	14,207	-2,182	8,181	0,3392	-0,052	0,195	1,9
29,400	14,120	-2,182	-5,454	0,3371	-0,052	-0,130	1,9
29,440	14,032	-2,618	-10,908	0,3350	-0,063	-0,260	1,9
29,480	13,910	-3,054	-8,181	0,3321	-0,073	-0,195	1,9
29,520	13,788	-3,272	-2,727	0,3292	-0,078	-0,065	2,0
29,560	13,648	-3,272	-5,454	0,3258	-0,078	-0,130	2,0
29,600	13,526	-3,709	-10,908	0,3229	-0,089	-0,260	1,9
29,640	13,352	-4,145	-5,454	0,3187	-0,099	-0,130	2,0
29,680	13,195	-4,145	2,727	0,3150	-0,099	0,065	2,0
29,720	13,020	-3,927	5,454	0,3108	-0,094	0,130	1,9
29,760	12,881	-3,709	2,727	0,3075	-0,089	0,065	2,0
29,800	12,723	-3,709	2,727	0,3037	-0,089	0,065	2,0
29,840	12,584	-3,491	2,727	0,3004	-0,083	0,065	2,0
29,880	12,444	-3,491	1,665E-12	0,2971	-0,083	4,632E-14	2,0
29,920	12,305	-3,491	2,727	0,2937	-0,083	0,065	2,0
29,960	12,165	-3,272	8,181	0,2904	-0,078	0,195	2,0
30,000	12,043	-2,836	1,815E-12	0,2875	-0,068	4,337E-14	2,0
30,040	11,938	-3,272	-8,181	0,2850	-0,078	-0,195	2,0
30,080	11,781	-3,491	8,181	0,2812	-0,083	0,195	2,0
30,120	11,659	-2,618	13,635	0,2783	-0,063	0,326	2,0
30,160	11,572	-2,400	1,454E-12	0,2762	-0,057	3,469E-14	2,0
30,200	11,467	-2,618	1,332E-12	0,2737	-0,062	3,183E-14	2,0
30,240	11,362	-2,400	5,454	0,2713	-0,057	0,130	2,0
30,280	11,275	-2,182	5,454	0,2692	-0,052	0,130	2,0
30,320	11,188	-1,963	5,454	0,2671	-0,047	0,130	2,1
30,360	11,118	-1,745	-2,727	0,2654	-0,042	-0,065	2,1
30,400	11,048	-2,182	-10,908	0,2637	-0,052	-0,260	2,1
30,440	10,943	-2,618	-5,454	0,2612	-0,063	-0,130	2,1
30,480	10,838	-2,618	1,454E-12	0,2587	-0,063	3,469E-14	2,1
30,520	10,734	-2,618	2,727	0,2562	-0,062	0,065	2,1
30,560	10,629	-2,400	2,727	0,2537	-0,057	0,065	2,1
30,600	10,542	-2,400	-5,454	0,2517	-0,057	-0,130	2,1
30,640	10,437	-2,836	-5,454	0,2492	-0,068	-0,130	2,1
30,680	10,315	-2,836	-2,727	0,2463	-0,068	-0,065	2,2
30,720	10,210	-3,054	-8,181	0,2437	-0,073	-0,195	2,2
30,760	10,071	-3,491	-8,181	0,2404	-0,083	-0,195	2,2
30,800	9,931	-3,709	-2,727	0,2371	-0,089	-0,065	2,3
30,840	9,774	-3,709	2,727	0,2333	-0,089	0,065	2,3
30,880	9,634	-3,491	2,727	0,2300	-0,083	0,065	2,3
30,920	9,495	-3,491	5,454	0,2267	-0,083	0,130	2,3
30,960	9,355	-3,054	10,908	0,2233	-0,073	0,260	2,4
31,000	9,250	-2,618	5,454	0,2208	-0,063	0,130	2,4
31,040	9,146	-2,618	1,454E-12	0,2183	-0,062	3,469E-14	2,4
31,080	9,041	-2,618	5,454	0,2158	-0,062	0,130	2,5
31,120	8,936	-2,182	10,908	0,2133	-0,052	0,260	2,5
31,160	8,866	-1,745	2,727	0,2117	-0,042	0,065	2,6
31,200	8,796	-1,963	-2,727	0,2100	-0,047	-0,065	2,6
31,240	8,709	-1,963	2,727	0,2079	-0,047	0,065	2,6
31,280	8,639	-1,745	5,454	0,2062	-0,042	0,130	2,6
31,320	8,570	-1,527	2,727	0,2046	-0,036	0,065	2,7
31,360	8,517	-1,527	-2,727	0,2033	-0,036	-0,065	2,7
31,400	8,447	-1,745	-8,181	0,2017	-0,042	-0,195	2,7
31,440	8,378	-2,182	-16,362	0,2000	-0,052	-0,391	2,8
31,480	8,273	-3,054	-8,181	0,1975	-0,073	-0,195	2,8
31,520	8,133	-2,836	8,181	0,1942	-0,068	0,195	2,9
31,560	8,046	-2,400	2,727	0,1921	-0,057	0,065	2,8
31,600	7,941	-2,618	-1,332E-12	0,1896	-0,063	-3,183E-14	2,9
31,640	7,837	-2,400	5,454	0,1871	-0,057	0,130	2,9
31,680	7,749	-2,182	5,454	0,1850	-0,052	0,130	2,9
31,720	7,662	-1,963	2,727	0,1829	-0,047	0,065	3,1
31,760	7,592	-1,963	-2,727	0,1812	-0,047	-0,065	3,1
31,800	7,505	-2,182	-5,454	0,1792	-0,052	-0,130	3,1
31,840	7,418	-2,400	-5,454	0,1771	-0,057	-0,130	3,1
31,880	7,313	-2,618	-5,454	0,1746	-0,062	-0,130	3,2
31,920	7,208	-2,836	-5,454	0,1721	-0,068	-0,130	3,3
31,960	7,086	-3,054	2,727	0,1692	-0,073	0,065	3,3
32,000	6,964	-2,618	10,908	0,1662	-0,063	0,260	3,4
32,040	6,877	-2,182	5,454	0,1642	-0,052	0,130	3,4
32,080	6,789	-2,182	-2,727	0,1621	-0,052	-0,065	3,5
32,120	6,702	-2,400	-5,454	0,1600	-0,057	-0,130	3,6
32,160	6,597	-2,618	-2,727	0,1575	-0,062	-0,065	3,7
32,200	6,493	-2,618	-2,909E-12	0,1550	-0,063	-7,373E-14	3,7
32,240	6,388	-2,618	0,000	0,1525	-0,063	0,000	3,8
32,280	6,283	-2,618	-5,454	0,1500	-0,063	-0,130	3,9
32,320	6,178	-3,054	-8,181	0,1475	-0,073	-0,195	4,0
32,360	6,039	-3,272	0,000	0,1442	-0,078	0,000	4,0
32,400	5,917	-3,054	3,492E-12	0,1412	-0,073	8,674E-14	4,1
32,440	5,794	-3,272	-10,908	0,1383	-0,078	-0,260	4,2
32,480	5,655	-3,927	-13,635	0,1350	-0,094	-0,326	4,3
32,520	5,480	-4,363	-2,727	0,1308	-0,104	-0,065	4,4
32,560	5,306	-4,145	8,181	0,1267	-0,099	0,195	4,6
32,600	5,149	-3,709	8,181	0,1229	-0,089	0,195	4,7
32,640	5,009	-3,491	8,181	0,1196	-0,083	0,195	4,8
32,680	4,869	-3,054	5,454	0,1162	-0,073	0,130	5,0
32,720	4,765	-3,054	0,000	0,1137	-0,073	0,000	5,2
32,760	4,625	-3,054	5,454	0,1104	-0,073	0,130	5,4
32,800	4,520	-2,618	5,454	0,1079	-0,062	0,130	5,7
32,840	4,416	-2,618	-2,909E-12	0,1054	-0,062	-6,939E-14	5,9
32,880	4,311	-2,618	-2,727	0,1029	-0,063	-0,065	6,1
32,920	4,206	-2,836	-2,727	0,1004	-0,068	-0,065	6,2
32,960	4,084	-2,836	5,454	0,0975	-0,068	0,130	6,3
33,000	3,979	-2,400	10,908	0,0950	-0,057	0,260	6,6
33,040	3,892	-1,963	2,727	0,0929	-0,047	0,065	6,8
33,080	3,822	-2,182	-5,454	0,0912	-0,052	-0,130	7,0
33,120	3,718	-2,400	-2,727	0,0887	-0,057	-0,065	7,2
33,160	3,630	-2,400	-5,454	0,0867	-0,057	-0,130	7,5
33,200	3,526	-2,836	-2,727	0,0842	-0,068	-0,065	7,7
33,240	3,403	-2,618	2,727	0,0812	-0,063	0,065	7,9
33,280	3,316	-2,618	-2,727	0,0792	-0,063	-0,065	8,1
33,320	3,194	-2,836	2,727	0,0762	-0,068	0,065	8,4
33,360	3,089	-2,400	13,635	0,0737	-0,057	0,326	8,6
33,400	3,002	-1,745	8,181	0,0717	-0,042	0,195	8,9
33,440	2,950	-1,745	-2,727	0,0704	-0,042	-0,065	9,2
33,480	2,862	-1,963	-2,727	0,0683	-0,047	-0,065	9,6
33,520	2,793	-1,963	-2,109E-12	0,0667	-0,047	-5,421E-14	9,9
33,560	2,705	-1,963	5,454	0,0646	-0,047	0,130	10,2
33,600	2,635	-1,527	5,454	0,0629	-0,036	0,130	10,4
33,640	2,583	-1,527	-2,727	0,0617	-0,036	-0,065	10,8
33,680	2,513	-1,745	-6,939E-14	0,0600	-0,042	-1,128E-15	11,1
33,720	2,443	-1,527	2,727	0,0583	-0,036	0,065	11,5
33,760	2,391	-1,527	1,765E-12	0,0571	-0,036	4,163E-14	11,8
33,800	2,321	-1,527	2,727	0,0554	-0,036	0,065	12,1
33,840	2,269	-1,309	8,181	0,0542	-0,031	0,195	12,4
33,880	2,217	-0,873	8,181	0,0529	-0,021	0,195	12,7
33,920	2,199	-0,654	-6,939E-14	0,0525	-0,016	-1,084E-15	12,9
33,960	2,164	-0,873	-8,181	0,0517	-0,021	-0,195	13,3
34,000	2,129	-1,309	-5,454	0,0508	-0,031	-0,130	13,7
34,040	2,059	-1,309	-2,727	0,0492	-0,031	-0,065	13,9
34,080	2,025	-1,527	-8,181	0,0483	-0,036	-0,195	14,1
34,120	1,937	-1,963	-2,727	0,0462	-0,047	-0,065	14,3
34,160	1,868	-1,745	5,454	0,0446	-0,042	0,130	14,6
34,200	1,798	-1,527	10,908	0,0429	-0,036	0,260	15,1
34,240	1,745	-0,873	10,908	0,0417	-0,021	0,260	15,6
34,280	1,728	-0,654	0,000	0,0412	-0,016	1,084E-15	16,7
34,320	1,693	-0,873	-3,469E-14	0,0404	-0,021	0,000	18,3
34,360	1,658	-0,654	0,000	0,0396	-0,016	-1,084E-15	20,3
34,400	1,641	-0,873	-10,908	0,0392	-0,021	-0,260	23,3
34,440	1,588	-1,527	-10,908	0,0379	-0,036	-0,260	24,8
34,480	1,518	-1,745	-5,454	0,0362	-0,042	-0,130	27,6
34,520	1,449	-1,963	-8,181	0,0346	-0,047	-0,195	30,7
34,560	1,361	-2,400	-8,181	0,0325	-0,057	-0,195	32,5
34,600	1,257	-2,618	-3,886E-14	0,0300	-0,063	0,000	36,7
34,640	1,152	-2,400	2,727	0,0275	-0,057	0,065	45,4
34,680	1,065	-2,400	3,886E-14	0,0254	-0,057	6,072E-16	59,9
34,720	0,960	-2,400	5,454	0,0229	-0,057	0,130	81,8
34,760	0,873	-1,963	2,727	0,0208	-0,047	0,065	98,6
34,800	0,803	-2,182	-5,454	0,0192	-0,052	-0,130	98,6
34,840	0,698	-2,400	2,727	0,0167	-0,057	0,065	98,6
34,880	0,611	-1,963	2,727	0,0146	-0,047	0,065	98,6
34,920	0,541	-2,182	-5,454	0,0129	-0,052	-0,130	98,6
34,960	0,436	-2,400	0,000	0,0104	-0,057	-1,735E-16	98,6
35,000	0,349	-2,182	2,727	0,0083	-0,052	0,065	98,6
35,040	0,262	-2,182	2,727	0,0062	-0,052	0,065	98,6
35,080	0,175	-1,963	8,181	0,0042	-0,047	0,195	98,6
35,120	0,105	-1,527	10,908	0,0025	-0,036	0,260	98,6
35,160	0,052	-1,091	8,181	0,0012	-0,026	0,195	98,6
35,200	0,017	-0,873	-2,727	4,1667E-4	-0,021	-0,065	98,6
35,240	-0,017	-1,309	-10,908	-4,1667E-4	-0,031	-0,260	98,6
35,280	-0,087	-1,745	-8,181	-0,0021	-0,042	-0,195	98,6
35,320	-0,157	-1,963	-10,908	-0,0037	-0,047	-0,260	98,6
35,360	-0,244	-2,618	-24,544	-0,0058	-0,063	-0,586	98,6
35,400	-0,367	-3,927	-29,998	-0,0087	-0,094	-0,716	98,6
35,440	-0,559	-5,018	-21,817	-0,0133	-0,120	-0,521	98,6
35,480	-0,768	-5,672	-16,362	-0,0183	-0,135	-0,391	98,6
35,520	-1,012	-6,327	-5,454	-0,0242	-0,151	-0,130	95,5
35,560	-1,274	-6,109	13,635	-0,0304	-0,146	0,326	65,3
35,600	-1,501	-5,236	19,090	-0,0358	-0,125	0,456	37,2
35,640	-1,693	-4,581	5,454	-0,0404	-0,109	0,130	22,7
35,680	-1,868	-4,800	-10,908	-0,0446	-0,115	-0,260	17,9
35,720	-2,077	-5,454	-2,727	-0,0496	-0,130	-0,065	15,6
35,760	-2,304	-5,018	10,908	-0,0550	-0,120	0,260	14,0
35,800	-2,478	-4,581	-5,640E-12	-0,0592	-0,109	-1,320E-13	12,8
35,840	-2,670	-5,018	-16,362	-0,0637	-0,120	-0,391	11,8
35,880	-2,880	-5,890	-13,635	-0,0687	-0,141	-0,326	11,0
35,920	-3,142	-6,109	-10,908	-0,0750	-0,146	-0,260	10,2
35,960	-3,368	-6,763	-19,090	-0,0804	-0,161	-0,456	9,6
36,000	-3,683	-7,636	-2,727	-0,0879	-0,182	-0,065	9,0
36,040	-3,979	-6,981	19,090	-0,0950	-0,167	0,456	8,3
36,080	-4,241	-6,109	21,817	-0,1012	-0,146	0,521	7,8
36,120	-4,468	-5,236	21,817	-0,1067	-0,125	0,521	7,4
36,160	-4,660	-4,363	19,090	-0,1112	-0,104	0,456	7,3
36,200	-4,817	-3,709	13,635	-0,1150	-0,089	0,326	7,2
36,240	-4,957	-3,272	8,181	-0,1183	-0,078	0,195	6,8
36,280	-5,079	-3,054	5,454	-0,1212	-0,073	0,130	6,4
36,320	-5,201	-2,836	5,454	-0,1242	-0,068	0,130	6,2
36,360	-5,306	-2,618	2,727	-0,1267	-0,063	0,065	5,9
36,400	-5,411	-2,618	-2,727	-0,1292	-0,063	-0,065	5,7
36,440	-5,515	-2,836	-2,727	-0,1317	-0,068	-0,065	5,5
36,480	-5,637	-2,836	-5,454	-0,1346	-0,068	-0,130	5,4
36,520	-5,742	-3,272	-10,908	-0,1371	-0,078	-0,260	5,3
36,560	-5,899	-3,709	1,388E-13	-0,1408	-0,089	-4,337E-15	5,2
36,600	-6,039	-3,272	5,454	-0,1442	-0,078	0,130	5,0
36,640	-6,161	-3,272	-5,454	-0,1471	-0,078	-0,130	4,9
36,680	-6,301	-3,709	-8,181	-0,1504	-0,089	-0,195	4,8
36,720	-6,458	-3,927	4,119E-12	-0,1542	-0,094	9,836E-14	4,7
36,760	-6,615	-3,709	-5,454	-0,1579	-0,089	-0,130	4,6
36,800	-6,754	-4,363	-16,362	-0,1612	-0,104	-0,391	4,5
36,840	-6,964	-5,018	-5,454	-0,1662	-0,120	-0,130	4,4
36,880	-7,156	-4,800	8,181	-0,1708	-0,115	0,195	4,2
36,920	-7,348	-4,363	10,908	-0,1754	-0,104	0,260	4,1
36,960	-7,505	-3,927	5,454	-0,1792	-0,094	0,130	4,0
37,000	-7,662	-3,927	10,908	-0,1829	-0,094	0,260	3,9
37,040	-7,819	-3,054	19,090	-0,1867	-0,073	0,456	3,8
37,080	-7,906	-2,400	2,727	-0,1887	-0,057	0,065	3,7
37,120	-8,011	-2,836	-2,727	-0,1912	-0,068	-0,065	3,5
37,160	-8,133	-2,618	5,454	-0,1942	-0,062	0,130	3,5
37,200	-8,220	-2,400	-3,186E-12	-0,1962	-0,057	-6,939E-14	3,4
37,240	-8,325	-2,618	0,000	-0,1987	-0,063	0,000	3,3
37,280	-8,430	-2,400	0,000	-0,2012	-0,057	0,000	3,3
37,320	-8,517	-2,618	-5,454	-0,2033	-0,063	-0,130	3,3
37,360	-8,639	-2,836	0,000	-0,2062	-0,068	0,000	3,3
37,400	-8,744	-2,618	5,454	-0,2088	-0,063	0,130	3,2
37,440	-8,849	-2,400	2,727	-0,2112	-0,057	0,065	3,2
37,480	-8,936	-2,400	-2,665E-12	-0,2133	-0,057	-6,358E-14	3,1
37,520	-9,041	-2,400	-2,665E-12	-0,2158	-0,057	-6,358E-14	3,1
37,560	-9,128	-2,400	0,000	-0,2179	-0,057	0,000	3,0
37,600	-9,233	-2,400	0,000	-0,2204	-0,057	0,000	3,0
37,640	-9,320	-2,400	2,727	-0,2225	-0,057	0,065	3,0
37,680	-9,425	-2,182	5,454	-0,2250	-0,052	0,130	2,9
37,720	-9,495	-1,963	2,703E-12	-0,2267	-0,047	6,219E-14	2,9
37,760	-9,582	-2,182	2,179E-12	-0,2287	-0,052	5,204E-14	2,8
37,800	-9,669	-1,963	5,454	-0,2308	-0,047	0,130	2,8
37,840	-9,739	-1,745	2,727	-0,2325	-0,042	0,065	2,8
37,880	-9,809	-1,745	2,727	-0,2342	-0,042	0,065	2,7
37,920	-9,879	-1,527	2,727	-0,2358	-0,036	0,065	2,7
37,960	-9,931	-1,527	-5,454	-0,2371	-0,036	-0,130	2,7
38,000	-10,001	-1,963	-8,181	-0,2387	-0,047	-0,195	2,6
38,040	-10,088	-2,182	-2,727	-0,2408	-0,052	-0,065	2,6
38,080	-10,175	-2,182	-2,727	-0,2429	-0,052	-0,065	2,5
38,120	-10,263	-2,400	-5,454	-0,2450	-0,057	-0,130	2,5
38,160	-10,367	-2,618	2,727	-0,2475	-0,062	0,065	2,5
38,200	-10,472	-2,182	10,908	-0,2500	-0,052	0,260	2,4
38,240	-10,542	-1,745	8,181	-0,2517	-0,042	0,195	2,3
38,280	-10,612	-1,527	8,181	-0,2533	-0,036	0,195	2,3
38,320	-10,664	-1,091	2,727	-0,2546	-0,026	0,065	2,3
38,360	-10,699	-1,309	-19,090	-0,2554	-0,031	-0,456	2,3
38,400	-10,769	-2,618	-24,544	-0,2571	-0,063	-0,586	2,2
38,440	-10,908	-3,272	-10,908	-0,2604	-0,078	-0,260	2,2
38,480	-11,030	-3,491	-2,727	-0,2633	-0,083	-0,065	2,1
38,520	-11,188	-3,491	2,727	-0,2671	-0,083	0,065	2,1
38,560	-11,310	-3,272	5,454	-0,2700	-0,078	0,130	2,2
38,600	-11,449	-3,054	10,908	-0,2733	-0,073	0,260	2,1
38,640	-11,554	-2,400	13,635	-0,2758	-0,057	0,326	2,1
38,680	-11,641	-1,963	5,454	-0,2779	-0,047	0,130	2,1
38,720	-11,711	-1,963	-5,454	-0,2796	-0,047	-0,130	2,1
38,760	-11,798	-2,400	-10,908	-0,2817	-0,057	-0,260	2,1
38,800	-11,903	-2,836	-8,181	-0,2842	-0,068	-0,195	2,1
38,840	-12,025	-3,054	-3,425E-12	-0,2871	-0,073	-7,511E-14	2,1
38,880	-12,147	-2,836	5,454	-0,2900	-0,068	0,130	2,0
38,920	-12,252	-2,618	5,454	-0,2925	-0,063	0,130	2,1
38,960	-12,357	-2,400	5,454	-0,2950	-0,057	0,130	2,0
39,000	-12,444	-2,182	5,454	-0,2971	-0,052	0,130	2,0
39,040	-12,531	-1,963	8,181	-0,2992	-0,047	0,195	2,0
39,080	-12,601	-1,527	10,908	-0,3008	-0,036	0,260	2,1
39,120	-12,654	-1,091	2,727	-0,3021	-0,026	0,065	2,1
39,160	-12,689	-1,309	-2,727	-0,3029	-0,031	-0,065	2,1
39,200	-12,758	-1,309	5,454	-0,3046	-0,031	0,130	2,1
39,240	-12,793	-0,873	-8,181	-0,3054	-0,021	-0,195	2,1
39,280	-12,828	-1,963	-38,179	-0,3062	-0,047	-0,911	2,1
39,320	-12,950	-3,927	-27,271	-0,3092	-0,094	-0,651	2,1
39,360	-13,142	-4,145	8,181	-0,3137	-0,099	0,195	2,1
39,400	-13,282	-3,272	13,635	-0,3171	-0,078	0,326	2,1
39,440	-13,404	-3,054	8,181	-0,3200	-0,073	0,195	2,1
39,480	-13,526	-2,618	8,181	-0,3229	-0,062	0,195	2,1
39,520	-13,614	-2,400	-3,186E-12	-0,3250	-0,057	-6,939E-14	2,1
39,560	-13,718	-2,618	-2,727	-0,3275	-0,063	-0,065	2,0
39,600	-13,823	-2,618	-2,727	-0,3300	-0,063	-0,065	2,0
39,640	-13,928	-2,836	0,000	-0,3325	-0,068	0,000	2,0
39,680	-14,050	-2,618	8,181	-0,3354	-0,063	0,195	2,0
39,720	-14,137	-2,182	8,181	-0,3375	-0,052	0,195	1,9
39,760	-14,224	-1,963	8,181	-0,3396	-0,047	0,195	1,9
39,800	-14,294	-1,527	8,181	-0,3412	-0,036	0,195	1,9
39,840	-14,347	-1,309	5,454	-0,3425	-0,031	0,130	1,9
39,880	-14,399	-1,091	8,181	-0,3437	-0,026	0,195	1,9
39,920	-14,434	-0,654	8,181	-0,3446	-0,016	0,195	1,9
39,960	-14,451	-0,436	5,454	-0,3450	-0,010	0,130	1,9
40,000	-14,469	-0,218	2,727	-0,3454	-0,005	0,065	1,9
40,040	-14,469	-0,218	-2,727	-0,3454	-0,005	-0,065	2,0
40,080	-14,486	-0,436	-5,454	-0,3458	-0,010	-0,130	2,0
40,120	-14,504	-0,654	-5,454	-0,3463	-0,016	-0,130	1,9
40,160	-14,539	-0,873	-2,727	-0,3471	-0,021	-0,065	2,0
40,200	-14,573	-0,873	-2,727	-0,3479	-0,021	-0,065	2,0
40,240	-14,608	-1,091	-8,181	-0,3487	-0,026	-0,195	1,9
40,280	-14,661	-1,527	-8,181	-0,3500	-0,036	-0,195	1,9
40,320	-14,731	-1,745	-2,727	-0,3517	-0,042	-0,065	2,0
40,360	-14,800	-1,745	2,776E-13	-0,3533	-0,042	8,674E-15	2,0
40,400	-14,870	-1,745	2,727	-0,3550	-0,042	0,065	2,0
40,440	-14,940	-1,527	5,454	-0,3567	-0,036	0,130	2,0
40,480	-14,992	-1,309	5,454	-0,3579	-0,031	0,130	2,0
40,520	-15,045	-1,091	5,454	-0,3592	-0,026	0,130	2,0
40,560	-15,080	-0,873	8,181	-0,3600	-0,021	0,195	2,1
40,600	-15,115	-0,436	8,181	-0,3608	-0,010	0,195	2,1
40,640	-15,115	-0,218	2,727	-0,3608	-0,005	0,065	2,1
40,680	-15,132	-0,218	2,727	-0,3612	-0,005	0,065	2,1
40,720	-15,132	0,000	2,727	-0,3612	0,000	0,065	2,1
40,760	-15,132	0,000	-2,727	-0,3612	0,000	-0,065	2,1
40,800	-15,132	-0,218	-5,454	-0,3612	-0,005	-0,130	2,1
40,840	-15,149	-0,436	-5,454	-0,3617	-0,010	-0,130	2,1
40,880	-15,167	-0,654	-5,454	-0,3621	-0,016	-0,130	2,1
40,920	-15,202	-0,873	-2,776E-13	-0,3629	-0,021	8,674E-15	2,1
40,960	-15,237	-0,654	2,727	-0,3637	-0,016	0,065	2,1
41,000	-15,254	-0,654	-2,727	-0,3642	-0,016	-0,065	2,1
41,040	-15,289	-0,873	-2,727	-0,3650	-0,021	-0,065	2,1
41,080	-15,324	-0,873	-2,727	-0,3658	-0,021	-0,065	2,1
41,120	-15,359	-1,091	-5,454	-0,3667	-0,026	-0,130	2,1
41,160	-15,411	-1,309	-2,727	-0,3679	-0,031	-0,065	2,1
41,200	-15,464	-1,309	-1,454E-12	-0,3692	-0,031	-3,469E-14	2,0
41,240	-15,516	-1,309	2,727	-0,3704	-0,031	0,065	2,1
41,280	-15,568	-1,091	2,727	-0,3717	-0,026	0,065	2,1
41,320	-15,603	-1,091	-5,454	-0,3725	-0,026	-0,130	2,0
41,360	-15,656	-1,527	-13,635	-0,3737	-0,036	-0,326	2,0
41,400	-15,725	-2,182	-10,908	-0,3754	-0,052	-0,260	2,0
41,440	-15,830	-2,400	2,703E-12	-0,3779	-0,057	4,918E-14	2,0
41,480	-15,917	-2,182	-2,665E-12	-0,3800	-0,052	-7,225E-14	2,0
41,520	-16,005	-2,400	-2,727	-0,3821	-0,057	-0,065	1,9
41,560	-16,109	-2,400	2,727	-0,3846	-0,057	0,065	1,9
41,600	-16,197	-2,182	8,181	-0,3867	-0,052	0,195	1,9
41,640	-16,284	-1,745	10,908	-0,3887	-0,042	0,260	1,8
41,680	-16,336	-1,309	2,727	-0,3900	-0,031	0,065	1,8
41,720	-16,389	-1,527	1,454E-12	-0,3912	-0,036	3,469E-14	1,7
41,760	-16,458	-1,309	8,181	-0,3929	-0,031	0,195	1,6
41,800	-16,493	-0,873	2,727	-0,3937	-0,021	0,065	1,6
41,840	-16,528	-1,091	-5,454	-0,3946	-0,026	-0,130	1,5
41,880	-16,581	-1,309	-8,181	-0,3958	-0,031	-0,195	1,5
41,920	-16,633	-1,745	-8,181	-0,3971	-0,042	-0,195	1,5
41,960	-16,720	-1,963	5,551E-13	-0,3992	-0,047	-8,674E-15	1,4
42,000	-16,790	-1,745	2,727	-0,4008	-0,042	0,065	1,4
42,040	-16,860	-1,745	2,727	-0,4025	-0,042	0,065	1,4
42,080	-16,930	-1,527	1,385E-12	-0,4042	-0,036	3,756E-14	1,4
42,120	-16,982	-1,745	-5,454	-0,4054	-0,042	-0,130	1,4
42,160	-17,069	-1,963	-2,727	-0,4075	-0,047	-0,065	1,4
42,200	-17,139	-1,963	-2,179E-12	-0,4092	-0,047	-6,072E-14	1,3
42,240	-17,226	-1,963	2,727	-0,4112	-0,047	0,065	1,3
42,280	-17,296	-1,745	2,727	-0,4129	-0,042	0,065	1,3
42,320	-17,366	-1,745	5,551E-13	-0,4146	-0,042	0,000	1,3
42,360	-17,436	-1,745	5,551E-13	-0,4162	-0,042	-8,674E-15	1,3
42,400	-17,506	-1,745	-2,727	-0,4179	-0,042	-0,065	1,2
42,440	-17,575	-1,963	-2,727	-0,4196	-0,047	-0,065	1,3
42,480	-17,663	-1,963	-2,179E-12	-0,4217	-0,047	-6,072E-14	1,3
42,520	-17,733	-1,963	-2,179E-12	-0,4233	-0,047	-6,072E-14	1,2
42,560	-17,820	-1,963	5,454	-0,4254	-0,047	0,130	1,3
42,600	-17,890	-1,527	5,454	-0,4271	-0,036	0,130	1,2
42,640	-17,942	-1,527	-5,551E-13	-0,4283	-0,036	-8,674E-15	1,2
42,680	-18,012	-1,527	5,454	-0,4300	-0,036	0,130	1,2
42,720	-18,064	-1,091	8,181	-0,4312	-0,026	0,195	1,2
42,760	-18,099	-0,873	6,578E-13	-0,4321	-0,021	2,893E-14	1,3
42,800	-18,134	-1,091	-9,701E-13	-0,4329	-0,026	-3,179E-14	1,3
42,840	-18,186	-0,873	5,454	-0,4342	-0,021	0,130	1,3
42,880	-18,204	-0,654	0,000	-0,4346	-0,016	8,674E-15	1,3
42,920	-18,239	-0,873	-2,727	-0,4354	-0,021	-0,065	1,3
42,960	-18,274	-0,873	-5,551E-13	-0,4362	-0,021	0,000	1,3
43,000	-18,309	-0,873	2,727	-0,4371	-0,021	0,065	1,4
43,040	-18,343	-0,654	5,454	-0,4379	-0,016	0,130	1,4
43,080	-18,361	-0,436	5,454	-0,4383	-0,010	0,130	1,4
43,120	-18,378	-0,218	2,727	-0,4387	-0,005	0,065	1,4
43,160	-18,378	-0,218	-2,727	-0,4387	-0,005	-0,065	1,4
43,200	-18,396	-0,436	-2,727	-0,4392	-0,010	-0,065	1,5
43,240	-18,413	-0,436	2,727	-0,4396	-0,010	0,065	1,5
43,280	-18,431	-0,218	-5,551E-13	-0,4400	-0,005	-8,674E-15	1,5
43,320	-18,431	-0,436	-10,908	-0,4400	-0,010	-0,260	1,5
43,360	-18,466	-1,091	-10,908	-0,4408	-0,026	-0,260	1,6
43,400	-18,518	-1,309	-5,454	-0,4421	-0,031	-0,130	1,6
43,440	-18,570	-1,527	-5,454	-0,4433	-0,036	-0,130	1,5
43,480	-18,640	-1,745	2,727	-0,4450	-0,042	0,065	1,5
43,520	-18,710	-1,309	10,908	-0,4467	-0,031	0,260	1,6
43,560	-18,745	-0,873	8,181	-0,4475	-0,021	0,195	1,6
43,600	-18,780	-0,654	2,727	-0,4483	-0,016	0,065	1,6
43,640	-18,797	-0,654	-5,454	-0,4487	-0,016	-0,130	1,6
43,680	-18,832	-1,091	-8,181	-0,4496	-0,026	-0,195	1,6
43,720	-18,884	-1,309	-10,908	-0,4508	-0,031	-0,260	1,7
43,760	-18,937	-1,963	-16,362	-0,4521	-0,047	-0,391	1,7
43,800	-19,042	-2,618	-8,181	-0,4546	-0,062	-0,195	1,7
43,840	-19,146	-2,618	2,727	-0,4571	-0,063	0,065	1,6
43,880	-19,251	-2,400	2,727	-0,4596	-0,057	0,065	1,7
43,920	-19,338	-2,400	-2,727	-0,4617	-0,057	-0,065	1,7
43,960	-19,443	-2,618	2,727	-0,4642	-0,063	0,065	1,7
44,000	-19,548	-2,182	10,908	-0,4667	-0,052	0,260	1,7
44,040	-19,617	-1,745	8,181	-0,4683	-0,042	0,195	1,7
44,080	-19,687	-1,527	5,454	-0,4700	-0,036	0,130	1,7
44,120	-19,740	-1,309	2,727	-0,4712	-0,031	0,065	1,7
44,160	-19,792	-1,309	-1,454E-12	-0,4725	-0,031	-3,469E-14	1,7
44,200	-19,844	-1,309	-1,454E-12	-0,4737	-0,031	-3,469E-14	1,7
44,240	-19,897	-1,309	0,000	-0,4750	-0,031	0,000	1,7
44,280	-19,949	-1,309	-2,727	-0,4762	-0,031	-0,065	1,6
44,320	-20,001	-1,527	-5,454	-0,4775	-0,036	-0,130	1,6
44,360	-20,071	-1,745	2,727	-0,4792	-0,042	0,065	1,6
44,400	-20,141	-1,309	10,908	-0,4808	-0,031	0,260	1,6
44,440	-20,176	-0,873	1,454E-12	-0,4817	-0,021	3,469E-14	1,6
44,480	-20,211	-1,309	-10,908	-0,4825	-0,031	-0,260	1,5
44,520	-20,281	-1,745	-2,727	-0,4842	-0,042	-0,065	1,5
44,560	-20,351	-1,527	-5,551E-13	-0,4858	-0,036	-8,674E-15	1,4
44,600	-20,403	-1,745	-8,181	-0,4871	-0,042	-0,195	1,4
44,640	-20,490	-2,182	-8,181	-0,4892	-0,052	-0,195	1,4
44,680	-20,577	-2,400	-5,454	-0,4912	-0,057	-0,130	1,4
44,720	-20,682	-2,618	-5,454	-0,4937	-0,063	-0,130	1,3
44,760	-20,787	-2,836	-8,181	-0,4962	-0,068	-0,195	1,3
44,800	-20,909	-3,272	-5,454	-0,4992	-0,078	-0,130	1,3
44,840	-21,049	-3,272	2,727	-0,5025	-0,078	0,065	1,2
44,880	-21,171	-3,054	8,181	-0,5054	-0,073	0,195	1,2
44,920	-21,293	-2,618	10,908	-0,5083	-0,063	0,260	1,2
44,960	-21,380	-2,182	2,727	-0,5104	-0,052	0,065	1,2
45,000	-21,468	-2,400	-13,635	-0,5125	-0,057	-0,326	1,1
45,040	-21,572	-3,272	-19,090	-0,5150	-0,078	-0,456	1,1
45,080	-21,729	-3,927	-13,635	-0,5187	-0,094	-0,326	1,1
45,120	-21,886	-4,363	-10,908	-0,5225	-0,104	-0,260	1,1
45,160	-22,078	-4,800	-8,181	-0,5271	-0,115	-0,195	1,0
45,200	-22,270	-5,018	-5,329E-12	-0,5317	-0,120	-1,272E-13	1,0
45,240	-22,480	-4,800	8,181	-0,5367	-0,115	0,195	1,0
45,280	-22,654	-4,363	0,000	-0,5408	-0,104	0,000	1,0
45,320	-22,829	-4,800	-5,454	-0,5450	-0,115	-0,130	1,0
45,360	-23,038	-4,800	0,000	-0,5500	-0,115	0,000	1,0
45,400	-23,213	-4,800	2,727	-0,5542	-0,115	0,065	1,0
45,440	-23,422	-4,581	10,908	-0,5592	-0,109	0,260	1,0
45,480	-23,579	-3,927	8,181	-0,5629	-0,094	0,195	1,0
45,520	-23,736	-3,927	-4,358E-12	-0,5667	-0,094	-8,674E-14	1,0
45,560	-23,894	-3,927	2,727	-0,5704	-0,094	0,065	1,0
45,600	-24,051	-3,709	0,000	-0,5742	-0,089	-1,735E-14	1,0
45,640	-24,190	-3,927	-5,454	-0,5775	-0,094	-0,130	1,0
45,680	-24,365	-4,145	5,454	-0,5817	-0,099	0,130	1,0
45,720	-24,522	-3,491	13,635	-0,5854	-0,083	0,326	1,0
45,760	-24,644	-3,054	8,181	-0,5883	-0,073	0,195	1,0
45,800	-24,766	-2,836	5,454	-0,5912	-0,068	0,130	1,0
45,840	-24,871	-2,618	-2,727	-0,5937	-0,063	-0,065	1,0
45,880	-24,976	-3,054	-13,635	-0,5962	-0,073	-0,326	1,1
45,920	-25,115	-3,709	-8,181	-0,5996	-0,089	-0,195	1,1
45,960	-25,272	-3,709	-2,727	-0,6033	-0,089	-0,065	1,1
46,000	-25,412	-3,927	-5,454	-0,6067	-0,094	-0,130	1,2
46,040	-25,587	-4,145	0,000	-0,6108	-0,099	1,735E-14	1,2
46,080	-25,744	-3,927	2,727	-0,6146	-0,094	0,065	1,3
46,120	-25,901	-3,927	4,913E-12	-0,6183	-0,094	1,041E-13	1,3
46,160	-26,058	-3,927	-3,803E-12	-0,6221	-0,094	-8,674E-14	1,3
46,200	-26,215	-3,927	-2,727	-0,6258	-0,094	-0,065	1,4
46,240	-26,372	-4,145	-5,454	-0,6296	-0,099	-0,130	1,3
46,280	-26,546	-4,363	5,551E-13	-0,6337	-0,104	0,000	1,3
46,320	-26,721	-4,145	8,181	-0,6379	-0,099	0,195	1,3
46,360	-26,878	-3,709	5,454	-0,6417	-0,089	0,130	1,3
46,400	-27,018	-3,709	-2,727	-0,6450	-0,089	-0,065	1,4
46,440	-27,175	-3,927	-5,454	-0,6487	-0,094	-0,130	1,5
46,480	-27,332	-4,145	-4,358E-12	-0,6525	-0,099	-8,674E-14	1,7
46,520	-27,506	-3,927	8,181	-0,6567	-0,094	0,195	1,9
46,560	-27,646	-3,491	8,181	-0,6600	-0,083	0,195	2,1
46,600	-27,786	-3,272	10,908	-0,6633	-0,078	0,260	2,3
46,640	-27,908	-2,618	16,362	-0,6663	-0,063	0,391	2,5
46,680	-27,995	-1,963	5,454	-0,6683	-0,047	0,130	2,7
46,720	-28,065	-2,182	2,179E-12	-0,6700	-0,052	3,469E-14	2,8
46,760	-28,170	-1,963	5,454	-0,6725	-0,047	0,130	2,7
46,800	-28,222	-1,745	-8,181	-0,6737	-0,042	-0,195	2,7
46,840	-28,309	-2,618	-16,362	-0,6758	-0,063	-0,391	2,6
46,880	-28,431	-3,054	-5,454	-0,6787	-0,073	-0,130	2,5
46,920	-28,554	-3,054	-2,727	-0,6817	-0,073	-0,065	2,5
46,960	-28,676	-3,272	-5,454	-0,6846	-0,078	-0,130	2,4
47,000	-28,815	-3,491	0,000	-0,6879	-0,083	0,000	2,4
47,040	-28,955	-3,272	2,727	-0,6912	-0,078	0,065	2,4
47,080	-29,077	-3,272	-10,908	-0,6942	-0,078	-0,260	2,3
47,120	-29,217	-4,145	-27,271	-0,6975	-0,099	-0,651	2,4
47,160	-29,409	-5,454	-27,271	-0,7021	-0,130	-0,651	2,5
47,200	-29,653	-6,327	-8,181	-0,7079	-0,151	-0,195	2,7
47,240	-29,915	-6,109	8,181	-0,7142	-0,146	0,195	3,0
47,280	-30,142	-5,672	27,271	-0,7196	-0,135	0,651	3,1
47,320	-30,369	-3,927	32,725	-0,7250	-0,094	0,781	3,4
47,360	-30,456	-3,054	-5,551E-13	-0,7271	-0,073	1,735E-14	3,5
47,400	-30,613	-3,927	-2,727	-0,7308	-0,094	-0,065	3,4
47,440	-30,770	-3,272	24,544	-0,7346	-0,078	0,586	3,2
47,480	-30,875	-1,963	19,090	-0,7371	-0,047	0,456	3,0
47,520	-30,927	-1,745	2,727	-0,7383	-0,042	0,065	2,7
47,560	-31,014	-1,745	5,454	-0,7404	-0,042	0,130	2,5
47,600	-31,067	-1,309	2,727	-0,7417	-0,031	0,065	2,3
47,640	-31,119	-1,527	-5,454	-0,7429	-0,036	-0,130	2,3
47,680	-31,189	-1,745	-2,727	-0,7446	-0,042	-0,065	2,1
47,720	-31,259	-1,745	-10,908	-0,7462	-0,042	-0,260	2,1
47,760	-31,329	-2,618	-19,090	-0,7479	-0,062	-0,456	2,0
47,800	-31,468	-3,272	-8,181	-0,7512	-0,078	-0,195	1,9
47,840	-31,590	-3,272	-10,908	-0,7542	-0,078	-0,260	1,9
47,880	-31,730	-4,145	-10,908	-0,7575	-0,099	-0,260	1,7
47,920	-31,922	-4,145	8,181	-0,7621	-0,099	0,195	1,6
47,960	-32,062	-3,491	2,727	-0,7654	-0,083	0,065	1,4
48,000	-32,201	-3,927	-5,454	-0,7687	-0,094	-0,130	1,3
48,040	-32,376	-3,927	4,358E-12	-0,7729	-0,094	8,674E-14	1,2
48,080	-32,515	-3,927	4,358E-12	-0,7762	-0,094	1,214E-13	1,1
48,120	-32,690	-3,927	8,181	-0,7804	-0,094	0,195	1,0
48,160	-32,830	-3,272	10,908	-0,7837	-0,078	0,260	1,0
48,200	-32,952	-3,054	2,727	-0,7867	-0,073	0,065	1,1
48,240	-33,074	-3,054	0,000	-0,7896	-0,073	0,000	1,2
48,280	-33,196	-3,054	-2,727	-0,7925	-0,073	-0,065	1,3
48,320	-33,318	-3,272	-2,727	-0,7954	-0,078	-0,065	1,5
48,360	-33,458	-3,272	2,727	-0,7987	-0,078	0,065	1,6
48,400	-33,580	-3,054	8,181	-0,8017	-0,073	0,195	1,7
48,440	-33,702	-2,618	5,454	-0,8046	-0,062	0,130	1,8
48,480	-33,790	-2,618	2,727	-0,8067	-0,062	0,065	1,9
48,520	-33,912	-2,400	5,454	-0,8096	-0,057	0,130	1,9
48,560	-33,982	-2,182	-2,727	-0,8112	-0,052	-0,065	1,9
48,600	-34,086	-2,618	-5,454	-0,8137	-0,063	-0,130	1,8
48,640	-34,191	-2,618	2,727	-0,8162	-0,063	0,065	1,8
48,680	-34,296	-2,400	8,181	-0,8187	-0,057	0,195	1,7
48,720	-34,383	-1,963	8,181	-0,8208	-0,047	0,195	1,6
48,760	-34,453	-1,745	2,727	-0,8225	-0,042	0,065	1,5
48,800	-34,523	-1,745	-5,454	-0,8242	-0,042	-0,130	1,4
48,840	-34,592	-2,182	-8,181	-0,8258	-0,052	-0,195	1,3
48,880	-34,697	-2,400	-8,181	-0,8283	-0,057	-0,195	1,1
48,920	-34,784	-2,836	-8,181	-0,8304	-0,068	-0,195	1,1
48,960	-34,924	-3,054	2,727	-0,8337	-0,073	0,065	1,0
49,000	-35,029	-2,618	5,454	-0,8362	-0,063	0,130	1,0
49,040	-35,133	-2,618	-16,362	-0,8387	-0,063	-0,391	1,0
49,080	-35,238	-3,927	-38,179	-0,8413	-0,094	-0,911	1,0
49,120	-35,448	-5,672	-27,271	-0,8462	-0,135	-0,651	0,9
49,160	-35,692	-6,109	-5,454	-0,8521	-0,146	-0,130	1,0
49,200	-35,936	-6,109	-8,181	-0,8579	-0,146	-0,195	1,0
49,240	-36,181	-6,763	-10,908	-0,8637	-0,161	-0,260	1,0
49,280	-36,477	-6,981	-10,908	-0,8708	-0,167	-0,260	1,1
49,320	-36,739	-7,636	-38,179	-0,8771	-0,182	-0,911	1,0
49,360	-37,088	-10,036	-35,452	-0,8854	-0,240	-0,846	1,0
49,400	-37,542	-10,472	8,181	-0,8962	-0,250	0,195	1,0
49,440	-37,926	-9,381	29,998	-0,9054	-0,224	0,716	0,9
49,480	-38,293	-8,072	40,906	-0,9142	-0,193	0,977	0,8
49,520	-38,572	-6,109	38,179	-0,9208	-0,146	0,911	0,7
49,560	-38,781	-5,018	19,090	-0,9258	-0,120	0,456	0,7
49,600	-38,973	-4,581	8,181	-0,9304	-0,109	0,195	0,7
49,640	-39,148	-4,363	-2,727	-0,9346	-0,104	-0,065	0,7
49,680	-39,322	-4,800	-10,908	-0,9387	-0,115	-0,260	0,6
49,720	-39,532	-5,236	-8,181	-0,9437	-0,125	-0,195	0,6
49,760	-39,741	-5,454	-8,181	-0,9487	-0,130	-0,195	0,7
49,800	-39,968	-5,890	-5,454	-0,9542	-0,141	-0,130	0,6
49,840	-40,212	-5,890	8,181	-0,9600	-0,141	0,195	0,6
49,880	-40,439	-5,236	21,817	-0,9654	-0,125	0,521	0,6
49,920	-40,631	-4,145	24,544	-0,9700	-0,099	0,586	0,6
49,960	-40,771	-3,272	10,908	-0,9733	-0,078	0,260	0,6
50,000	-40,893	-3,272	-2,727	-0,9762	-0,078	-0,065	0,6
50,040	-41,033	-3,491	-5,454	-0,9796	-0,083	-0,130	0,6
50,080	-41,172	-3,709	4,990E-12	-0,9829	-0,089	7,511E-14	0,6
50,120	-41,329	-3,491	-4,119E-12	-0,9867	-0,083	-9,836E-14	0,6
50,160	-41,452	-3,709	-10,908	-0,9896	-0,089	-0,260	0,6
50,200	-41,626	-4,363	-2,727	-0,9937	-0,104	-0,065	0,6
50,240	-41,801	-3,927	8,181	-0,9979	-0,094	0,195	0,5
50,280	-41,940	-3,709	2,727	-1,0013	-0,089	0,065	0,5
50,320	-42,097	-3,709	5,454	-1,0050	-0,089	0,130	0,6
50,360	-42,237	-3,272	10,908	-1,0083	-0,078	0,260	0,6
50,400	-42,359	-2,836	10,908	-1,0113	-0,068	0,260	0,6
50,440	-42,464	-2,400	10,908	-1,0138	-0,057	0,260	0,6
50,480	-42,551	-1,963	8,181	-1,0158	-0,047	0,195	0,6
50,520	-42,621	-1,745	-3,289E-12	-1,0175	-0,042	-8,674E-14	0,6
50,560	-42,691	-1,963	-10,908	-1,0192	-0,047	-0,260	0,6
50,600	-42,778	-2,618	-10,908	-1,0213	-0,063	-0,260	0,6
50,640	-42,900	-2,836	-2,727	-1,0242	-0,068	-0,065	0,6
50,680	-43,005	-2,836	-2,727	-1,0267	-0,068	-0,065	0,6
50,720	-43,127	-3,054	-2,727	-1,0296	-0,073	-0,065	0,6
50,760	-43,249	-3,054	3,392E-12	-1,0325	-0,073	8,101E-14	0,6
50,800	-43,371	-3,054	-2,727	-1,0354	-0,073	-0,065	0,6
50,840	-43,494	-3,272	-10,908	-1,0383	-0,078	-0,260	0,5
50,880	-43,633	-3,927	-5,454	-1,0417	-0,094	-0,130	0,6
50,920	-43,808	-3,709	8,181	-1,0458	-0,089	0,195	0,6
50,960	-43,930	-3,272	5,454	-1,0487	-0,078	0,130	0,6
51,000	-44,070	-3,272	8,181	-1,0521	-0,078	0,195	0,6
51,040	-44,192	-2,618	13,635	-1,0550	-0,062	0,326	0,6
51,080	-44,279	-2,182	5,454	-1,0571	-0,052	0,130	0,6
51,120	-44,366	-2,182	-3,536E-12	-1,0592	-0,052	-5,785E-14	0,6
51,160	-44,454	-2,182	-2,727	-1,0613	-0,052	-0,065	0,6
51,200	-44,541	-2,400	-8,181	-1,0633	-0,057	-0,195	0,6
51,240	-44,646	-2,836	-13,635	-1,0658	-0,068	-0,326	0,6
51,280	-44,768	-3,491	-13,635	-1,0687	-0,083	-0,326	0,6
51,320	-44,925	-3,927	-16,362	-1,0725	-0,094	-0,391	0,6
51,360	-45,082	-4,800	-29,998	-1,0763	-0,115	-0,716	0,7
51,400	-45,309	-6,327	-21,817	-1,0817	-0,151	-0,521	0,6
51,440	-45,588	-6,545	10,908	-1,0883	-0,156	0,260	0,6
51,480	-45,832	-5,454	24,544	-1,0942	-0,130	0,586	0,7
51,520	-46,024	-4,581	19,090	-1,0987	-0,109	0,456	0,6
51,560	-46,199	-3,927	8,181	-1,1029	-0,094	0,195	0,6
51,600	-46,338	-3,927	-24,544	-1,1063	-0,094	-0,586	0,6
51,640	-46,513	-5,890	-54,542	-1,1104	-0,141	-1,302	0,7
51,680	-46,810	-8,290	-38,179	-1,1175	-0,198	-0,911	0,6
51,720	-47,176	-8,945	5,454	-1,1263	-0,214	0,130	0,6
51,760	-47,525	-7,854	35,452	-1,1346	-0,187	0,846	0,6
51,800	-47,805	-6,109	40,906	-1,1412	-0,146	0,977	0,7
51,840	-48,014	-4,581	24,544	-1,1463	-0,109	0,586	0,7
51,880	-48,171	-4,145	13,635	-1,1500	-0,099	0,326	0,6
51,920	-48,346	-3,491	16,362	-1,1542	-0,083	0,391	0,6
51,960	-48,450	-2,836	-2,727	-1,1567	-0,068	-0,065	0,7
52,000	-48,573	-3,709	-24,544	-1,1596	-0,089	-0,586	0,6
52,040	-48,747	-4,800	-21,817	-1,1637	-0,115	-0,521	0,7
52,080	-48,956	-5,454	-8,181	-1,1688	-0,130	-0,195	0,7
52,120	-49,183	-5,454	13,635	-1,1742	-0,130	0,326	0,7
52,160	-49,393	-4,363	32,725	-1,1792	-0,104	0,781	0,7
52,200	-49,532	-2,836	35,452	-1,1825	-0,068	0,846	0,7
52,240	-49,620	-1,527	29,998	-1,1846	-0,036	0,716	0,7
52,280	-49,655	-0,436	19,090	-1,1854	-0,010	0,456	0,7
52,320	-49,655	0,000	5,454	-1,1854	0,000	0,130	0,7
52,360	-49,655	0,000	0,000	-1,1854	0,000	0,000	0,7
52,400	-49,655	0,000	0,000	-1,1854	0,000	0,000	0,7
52,440	-49,655	0,000	0,000	-1,1854	0,000	0,000	0,7
52,480	-49,655	0,000	0,000	-1,1854	0,000	0,000	0,7
52,520	-49,655	0,000	0,000	-1,1854	0,000	0,000	0,7
52,560	-49,655	0,000	0,000	-1,1854	0,000	0,000	0,7
52,600	-49,655	0,000	2,727	-1,1854	0,000	0,065	0,7
52,640	-49,655	0,218	2,727	-1,1854	0,005	0,065	0,7
52,680	-49,637	0,218	-2,727	-1,1850	0,005	-0,065	0,7
52,720	-49,637	0,000	-2,727	-1,1850	0,000	-0,065	0,7
52,760	-49,637	0,000	0,000	-1,1850	0,000	0,000	0,7
52,800	-49,637	0,000	0,000	-1,1850	0,000	0,000	0,7
52,840	-49,637	0,000	0,000	-1,1850	0,000	0,000	0,6
52,880	-49,637	0,000	0,000	-1,1850	0,000	0,000	0,7
52,920	-49,637	0,000	0,000	-1,1850	0,000	0,000	0,7
52,960	-49,637	0,000	2,727	-1,1850	0,000	0,065	0,7
53,000	-49,637	0,218	2,727	-1,1850	0,005	0,065	0,7
53,040	-49,620	0,218	-2,727	-1,1846	0,005	-0,065	0,7
53,080	-49,620	0,000	-2,727	-1,1846	0,000	-0,065	0,7
53,120	-49,620	0,000	0,000	-1,1846	0,000	0,000	0,7
53,160	-49,620	0,000	0,000	-1,1846	0,000	0,000	0,7
53,200	-49,620	0,000	0,000	-1,1846	0,000	0,000	0,7
53,240	-49,620	0,000	0,000	-1,1846	0,000	0,000	0,7
53,280	-49,620	0,000	2,727	-1,1846	0,000	0,065	0,7
53,320	-49,620	0,218	2,727	-1,1846	0,005	0,065	0,7
53,360	-49,602	0,218	0,000	-1,1842	0,005	0,000	0,8
53,400	-49,602	0,218	5,454	-1,1842	0,005	0,130	0,7
53,440	-49,585	0,654	40,906	-1,1837	0,016	0,977	0,7
53,480	-49,550	3,491	65,450	-1,1829	0,083	1,562	0,7
53,520	-49,306	5,890	27,271	-1,1771	0,141	0,651	0,7
53,560	-49,079	5,672	-19,090	-1,1717	0,135	-0,456	0,8
53,600	-48,852	4,363	-35,452	-1,1663	0,104	-0,846	0,8
53,640	-48,730	2,836	-19,090	-1,1633	0,068	-0,456	0,7
53,680	-48,625	2,836	5,454	-1,1608	0,068	0,130	0,7
53,720	-48,503	3,272	16,362	-1,1579	0,078	0,391	0,8
53,760	-48,363	4,145	29,998	-1,1546	0,099	0,716	0,7
53,800	-48,171	5,672	35,452	-1,1500	0,135	0,846	0,8
53,840	-47,909	6,981	16,362	-1,1437	0,167	0,391	0,7
53,880	-47,613	6,981	-13,635	-1,1367	0,167	-0,326	0,7
53,920	-47,351	5,890	-24,544	-1,1304	0,141	-0,586	0,7
53,960	-47,141	5,018	-13,635	-1,1254	0,120	-0,326	0,7
54,000	-46,949	4,800	-8,181	-1,1208	0,115	-0,195	0,7
54,040	-46,757	4,363	-8,181	-1,1163	0,104	-0,195	0,7
54,080	-46,600	4,145	2,727	-1,1125	0,099	0,065	0,8
54,120	-46,426	4,581	8,181	-1,1083	0,109	0,195	0,7
54,160	-46,234	4,800	8,181	-1,1038	0,115	0,195	0,8
54,200	-46,042	5,236	2,727	-1,0992	0,125	0,065	0,8
54,240	-45,815	5,018	-13,635	-1,0938	0,120	-0,326	0,8
54,280	-45,640	4,145	-13,635	-1,0896	0,099	-0,326	0,8
54,320	-45,483	3,927	-2,727	-1,0858	0,094	-0,065	0,7
54,360	-45,326	3,927	-5,454	-1,0821	0,094	-0,130	0,8
54,400	-45,169	3,491	-5,454	-1,0783	0,083	-0,130	0,8
54,440	-45,047	3,491	-2,727	-1,0754	0,083	-0,065	0,8
54,480	-44,890	3,272	-8,181	-1,0717	0,078	-0,195	0,8
54,520	-44,785	2,836	2,520E-12	-1,0692	0,068	8,674E-14	0,8
54,560	-44,663	3,272	8,181	-1,0663	0,078	0,195	0,8
54,600	-44,523	3,491	1,110E-12	-1,0629	0,083	-3,469E-14	0,8
54,640	-44,384	3,272	-5,454	-1,0596	0,078	-0,130	0,8
54,680	-44,262	3,054	-2,727	-1,0567	0,073	-0,065	0,8
54,720	-44,139	3,054	5,454	-1,0538	0,073	0,130	0,8
54,760	-44,017	3,491	19,090	-1,0508	0,083	0,456	0,8
54,800	-43,860	4,581	19,090	-1,0471	0,109	0,456	0,8
54,840	-43,651	5,018	6,195E-12	-1,0421	0,120	1,214E-13	0,8
54,880	-43,459	4,581	-8,181	-1,0375	0,109	-0,195	0,8
54,920	-43,284	4,363	-5,454	-1,0333	0,104	-0,130	0,8
54,960	-43,110	4,145	-8,181	-1,0292	0,099	-0,195	0,8
55,000	-42,953	3,709	-5,454	-1,0254	0,089	-0,130	0,8
55,040	-42,813	3,709	-4,119E-12	-1,0221	0,089	-9,836E-14	0,8
55,080	-42,656	3,709	2,727	-1,0183	0,089	0,065	0,8
55,120	-42,516	3,927	5,454	-1,0150	0,094	0,130	0,8
55,160	-42,342	4,145	5,454	-1,0108	0,099	0,130	0,8
55,200	-42,185	4,363	2,727	-1,0071	0,104	0,065	0,8
55,240	-41,993	4,363	-8,181	-1,0025	0,104	-0,195	0,8
55,280	-41,836	3,709	-10,908	-0,9987	0,089	-0,260	0,8
55,320	-41,696	3,491	-1,110E-12	-0,9954	0,083	0,000	0,8
55,360	-41,556	3,709	2,727	-0,9921	0,089	0,065	0,8
55,400	-41,399	3,709	-3,009E-12	-0,9883	0,089	-9,836E-14	0,8
55,440	-41,260	3,709	2,727	-0,9850	0,089	0,065	0,8
55,480	-41,102	3,927	2,727	-0,9812	0,094	0,065	0,8
55,520	-40,945	3,927	3,247E-12	-0,9775	0,094	8,674E-14	0,8
55,560	-40,788	3,927	5,454	-0,9737	0,094	0,130	0,8
55,600	-40,631	4,363	8,181	-0,9700	0,104	0,195	0,8
55,640	-40,439	4,581	-2,727	-0,9654	0,109	-0,065	0,8
55,680	-40,265	4,145	-10,908	-0,9612	0,099	-0,260	0,8
55,720	-40,108	3,709	-5,454	-0,9575	0,089	-0,130	0,8
55,760	-39,968	3,709	8,181	-0,9542	0,089	0,195	0,8
55,800	-39,811	4,363	2,727	-0,9504	0,104	0,065	0,8
55,840	-39,619	3,927	-10,908	-0,9458	0,094	-0,260	0,8
55,880	-39,497	3,491	0,000	-0,9429	0,083	1,735E-14	0,8
55,920	-39,340	3,927	2,727	-0,9392	0,094	0,065	0,9
55,960	-39,183	3,709	0,000	-0,9354	0,089	-1,735E-14	0,8
56,000	-39,043	3,927	5,454	-0,9321	0,094	0,130	0,8
56,040	-38,868	4,145	8,181	-0,9279	0,099	0,195	0,9
56,080	-38,711	4,581	10,908	-0,9242	0,109	0,260	0,8
56,120	-38,502	5,018	6,195E-12	-0,9192	0,120	1,041E-13	0,8
56,160	-38,310	4,581	-2,727	-0,9146	0,109	-0,065	0,8
56,200	-38,135	4,800	8,181	-0,9104	0,115	0,195	0,9
56,240	-37,926	5,236	5,454	-0,9054	0,125	0,130	0,8
56,280	-37,717	5,236	0,000	-0,9004	0,125	0,000	0,9
56,320	-37,507	5,236	-8,181	-0,8954	0,125	-0,195	0,9
56,360	-37,298	4,581	-16,362	-0,8904	0,109	-0,391	0,9
56,400	-37,141	3,927	-10,908	-0,8867	0,094	-0,260	0,9
56,440	-36,984	3,709	-2,727	-0,8829	0,089	-0,065	0,9
56,480	-36,844	3,709	4,119E-12	-0,8796	0,089	9,836E-14	1,0
56,520	-36,687	3,709	4,119E-12	-0,8758	0,089	9,836E-14	1,0
56,560	-36,547	3,709	2,727	-0,8725	0,089	0,065	1,0
56,600	-36,390	3,927	5,454	-0,8687	0,094	0,130	1,1
56,640	-36,233	4,145	2,727	-0,8650	0,099	0,065	1,2
56,680	-36,058	4,145	5,454	-0,8608	0,099	0,130	1,2
56,720	-35,901	4,581	13,635	-0,8571	0,109	0,326	1,2
56,760	-35,692	5,236	13,635	-0,8521	0,125	0,326	1,2
56,800	-35,483	5,672	16,362	-0,8471	0,135	0,391	1,2
56,840	-35,238	6,545	5,454	-0,8413	0,156	0,130	1,2
56,880	-34,959	6,109	-21,817	-0,8346	0,146	-0,521	1,2
56,920	-34,750	4,800	-21,817	-0,8296	0,115	-0,521	1,1
56,960	-34,575	4,363	-10,908	-0,8254	0,104	-0,260	1,1
57,000	-34,400	3,927	-2,727	-0,8212	0,094	-0,065	1,2
57,040	-34,261	4,145	13,635	-0,8179	0,099	0,326	1,4
57,080	-34,069	5,018	29,998	-0,8133	0,120	0,716	1,6
57,120	-33,859	6,545	49,087	-0,8083	0,156	1,172	1,8
57,160	-33,545	8,945	38,179	-0,8008	0,214	0,911	1,9
57,200	-33,144	9,599	-13,635	-0,7912	0,229	-0,326	2,0
57,240	-32,777	7,854	-51,814	-0,7825	0,188	-1,237	2,1
57,280	-32,515	5,454	-40,906	-0,7762	0,130	-0,977	2,0
57,320	-32,341	4,581	-13,635	-0,7721	0,109	-0,326	1,8
57,360	-32,149	4,363	-10,908	-0,7675	0,104	-0,260	1,4
57,400	-31,992	3,709	-13,635	-0,7637	0,089	-0,326	1,1
57,440	-31,852	3,272	-10,908	-0,7604	0,078	-0,260	1,2
57,480	-31,730	2,836	-10,908	-0,7575	0,068	-0,260	1,3
57,520	-31,625	2,400	-2,727	-0,7550	0,057	-0,065	1,5
57,560	-31,538	2,618	13,635	-0,7529	0,063	0,326	1,7
57,600	-31,416	3,491	19,090	-0,7500	0,083	0,456	2,0
57,640	-31,259	4,145	16,362	-0,7462	0,099	0,391	2,1
57,680	-31,084	4,800	13,635	-0,7421	0,115	0,326	2,3
57,720	-30,875	5,236	5,454	-0,7371	0,125	0,130	2,4
57,760	-30,665	5,236	-6,373E-12	-0,7321	0,125	-1,388E-13	2,5
57,800	-30,456	5,236	5,262E-12	-0,7271	0,125	1,388E-13	2,6
57,840	-30,247	5,236	-2,727	-0,7221	0,125	-0,065	2,7
57,880	-30,037	5,018	-2,727	-0,7171	0,120	-0,065	2,9
57,920	-29,845	5,018	2,727	-0,7125	0,120	0,065	3,0
57,960	-29,636	5,236	5,454	-0,7075	0,125	0,130	3,2
58,000	-29,426	5,454	13,635	-0,7025	0,130	0,326	3,4
58,040	-29,199	6,327	16,362	-0,6971	0,151	0,391	3,6
58,080	-28,920	6,763	-8,181	-0,6904	0,161	-0,195	3,7
58,120	-28,658	5,672	-27,271	-0,6842	0,135	-0,651	3,6
58,160	-28,466	4,581	-16,362	-0,6796	0,109	-0,391	3,4
58,200	-28,292	4,363	0,000	-0,6754	0,104	1,735E-14	3,1
58,240	-28,117	4,581	10,908	-0,6712	0,109	0,260	2,6
58,280	-27,925	5,236	19,090	-0,6667	0,125	0,456	2,5
58,320	-27,698	6,109	13,635	-0,6612	0,146	0,326	2,6
58,360	-27,437	6,327	-2,727	-0,6550	0,151	-0,065	2,8
58,400	-27,192	5,890	-13,635	-0,6492	0,141	-0,326	2,9
58,440	-26,965	5,236	-21,817	-0,6437	0,125	-0,521	2,9
58,480	-26,773	4,145	-21,817	-0,6392	0,099	-0,521	2,9
58,520	-26,634	3,491	-8,181	-0,6358	0,083	-0,195	2,7
58,560	-26,494	3,491	5,551E-13	-0,6325	0,083	0,000	2,3
58,600	-26,354	3,491	2,727	-0,6292	0,083	0,065	2,0
58,640	-26,215	3,709	5,454	-0,6258	0,089	0,130	1,8
58,680	-26,058	3,927	8,181	-0,6221	0,094	0,195	1,6
58,720	-25,901	4,363	8,181	-0,6183	0,104	0,195	1,5
58,760	-25,709	4,581	-5,454	-0,6137	0,109	-0,130	1,5
58,800	-25,534	3,927	-8,181	-0,6096	0,094	-0,195	1,5
58,840	-25,395	3,927	2,727	-0,6062	0,094	0,065	1,5
58,880	-25,220	4,145	2,727	-0,6021	0,099	0,065	1,5
58,920	-25,063	4,145	-2,727	-0,5983	0,099	-0,065	1,5
58,960	-24,888	3,927	-10,908	-0,5942	0,094	-0,260	1,5
59,000	-24,749	3,272	-13,635	-0,5908	0,078	-0,326	1,4
59,040	-24,627	2,836	-10,908	-0,5879	0,068	-0,260	1,4
59,080	-24,522	2,400	-8,181	-0,5854	0,057	-0,195	1,3
59,120	-24,435	2,182	-5,454	-0,5833	0,052	-0,130	1,2
59,160	-24,347	1,963	-8,181	-0,5812	0,047	-0,195	1,2
59,200	-24,278	1,527	-2,727	-0,5796	0,036	-0,065	1,1
59,240	-24,225	1,745	8,181	-0,5783	0,042	0,195	1,1
59,280	-24,138	2,182	5,454	-0,5762	0,052	0,130	1,1
59,320	-24,051	2,182	0,000	-0,5742	0,052	0,000	1,1
59,360	-23,963	2,182	5,454	-0,5721	0,052	0,130	1,1
59,400	-23,876	2,618	10,908	-0,5700	0,063	0,260	1,1
59,440	-23,754	3,054	5,454	-0,5671	0,073	0,130	1,1
59,480	-23,632	3,054	2,727	-0,5642	0,073	0,065	1,1
59,520	-23,510	3,272	2,727	-0,5612	0,078	0,065	1,1
59,560	-23,370	3,272	-5,454	-0,5579	0,078	-0,130	1,1
59,600	-23,248	2,836	-8,181	-0,5550	0,068	-0,195	1,1
59,640	-23,143	2,618	0,000	-0,5525	0,063	1,735E-14	1,1
59,680	-23,038	2,836	5,454	-0,5500	0,068	0,130	1,0
59,720	-22,916	3,054	8,181	-0,5471	0,073	0,195	1,1
59,760	-22,794	3,491	8,181	-0,5442	0,083	0,195	1,1
59,800	-22,637	3,709	3,880E-12	-0,5404	0,089	1,098E-13	1,0
59,840	-22,497	3,491	3,564E-12	-0,5371	0,083	9,836E-14	1,1
59,880	-22,358	3,709	-2,727	-0,5337	0,089	-0,065	1,1
59,920	-22,201	3,272	-8,181	-0,5300	0,078	-0,195	1,1
59,960	-22,096	3,054	-5,454	-0,5275	0,073	-0,130	1,0
60,000	-21,956	2,836	-8,181	-0,5242	0,068	-0,195	1,1
60,040	-21,869	2,400	-3,703E-12	-0,5221	0,057	-5,777E-14	1,1
60,080	-21,764	2,836	8,181	-0,5196	0,068	0,195	1,1
60,120	-21,642	3,054	3,147E-12	-0,5167	0,073	5,777E-14	1,1
60,160	-21,520	2,836	-5,454	-0,5137	0,068	-0,130	1,1
60,200	-21,415	2,618	-2,727	-0,5112	0,063	-0,065	1,1
60,240	-21,310	2,618	0,000	-0,5087	0,063	0,000	1,1
60,280	-21,206	2,618	-10,908	-0,5062	0,063	-0,260	1,2
60,320	-21,101	1,745	-27,271	-0,5037	0,042	-0,651	1,2
60,360	-21,066	0,436	-21,817	-0,5029	0,010	-0,521	1,2
60,400	-21,066	0,000	-5,454	-0,5029	0,000	-0,130	1,2
60,440	-21,066	0,000	2,727	-0,5029	0,000	0,065	1,2
60,480	-21,066	0,218	5,454	-0,5029	0,005	0,130	1,3
60,520	-21,049	0,436	8,181	-0,5025	0,010	0,195	1,2
60,560	-21,031	0,873	8,181	-0,5021	0,021	0,195	1,2
60,600	-20,979	1,091	0,000	-0,5008	0,026	1,735E-14	1,3
60,640	-20,944	0,873	-8,181	-0,5000	0,021	-0,195	1,3
60,680	-20,909	0,436	-10,908	-0,4992	0,010	-0,260	1,3
60,720	-20,909	0,000	-5,454	-0,4992	0,000	-0,130	1,3
60,760	-20,909	0,000	0,000	-0,4992	0,000	0,000	1,3
60,800	-20,909	0,000	2,727	-0,4992	0,000	0,065	1,3
60,840	-20,909	0,218	10,908	-0,4992	0,005	0,260	1,4
60,880	-20,892	0,873	19,090	-0,4987	0,021	0,456	1,3
60,920	-20,839	1,745	19,090	-0,4975	0,042	0,456	1,3
60,960	-20,752	2,400	8,181	-0,4954	0,057	0,195	1,3
61,000	-20,647	2,400	5,551E-13	-0,4929	0,057	0,000	1,4
61,040	-20,560	2,400	2,727	-0,4908	0,057	0,065	1,4
61,080	-20,455	2,618	5,454	-0,4883	0,062	0,130	1,4
61,120	-20,351	2,836	5,454	-0,4858	0,068	0,130	1,4
61,160	-20,228	3,054	2,727	-0,4829	0,073	0,065	1,5
61,200	-20,106	3,054	-2,727	-0,4800	0,073	-0,065	1,6
61,240	-19,984	2,836	-5,454	-0,4771	0,068	-0,130	1,6
61,280	-19,879	2,618	-8,181	-0,4746	0,063	-0,195	1,7
61,320	-19,775	2,182	-8,181	-0,4721	0,052	-0,195	1,7
61,360	-19,705	1,963	0,000	-0,4704	0,047	8,674E-15	1,8
61,400	-19,617	2,182	5,454	-0,4683	0,052	0,130	1,8
61,440	-19,530	2,400	5,454	-0,4662	0,057	0,130	1,9
61,480	-19,426	2,618	2,727	-0,4637	0,062	0,065	1,9
61,520	-19,321	2,618	-2,727	-0,4612	0,063	-0,065	1,9
61,560	-19,216	2,400	-5,454	-0,4588	0,057	-0,130	1,9
61,600	-19,129	2,182	-5,454	-0,4567	0,052	-0,130	1,9
61,640	-19,042	1,963	-5,454	-0,4546	0,047	-0,130	1,9
61,680	-18,972	1,745	-2,727	-0,4529	0,042	-0,065	1,9
61,720	-18,902	1,745	2,727	-0,4512	0,042	0,065	1,9
61,760	-18,832	1,963	-1,385E-12	-0,4496	0,047	-5,490E-14	1,8
61,800	-18,745	1,745	-8,181	-0,4475	0,042	-0,195	1,8
61,840	-18,692	1,309	-5,454	-0,4463	0,031	-0,130	1,8
61,880	-18,640	1,309	0,000	-0,4450	0,031	0,000	1,7
61,920	-18,588	1,309	2,727	-0,4437	0,031	0,065	1,7
61,960	-18,535	1,527	5,454	-0,4425	0,036	0,130	1,7
62,000	-18,466	1,745	2,727	-0,4408	0,042	0,065	1,6
62,040	-18,396	1,745	-2,727	-0,4392	0,042	-0,065	1,6
62,080	-18,326	1,527	-2,495E-12	-0,4375	0,036	-5,490E-14	1,6
62,120	-18,274	1,745	5,454	-0,4362	0,042	0,130	1,5
62,160	-18,186	1,963	2,495E-12	-0,4342	0,047	5,490E-14	1,6
62,200	-18,117	1,745	-2,727	-0,4325	0,042	-0,065	1,5
62,240	-18,047	1,745	-5,551E-13	-0,4308	0,042	-8,674E-15	1,4
62,280	-17,977	1,745	-5,454	-0,4292	0,042	-0,130	1,4
62,320	-17,907	1,309	-8,181	-0,4275	0,031	-0,195	1,3
62,360	-17,872	1,091	-1,454E-12	-0,4267	0,026	-3,469E-14	1,3
62,400	-17,820	1,309	5,454	-0,4254	0,031	0,130	1,3
62,440	-17,767	1,527	1,454E-12	-0,4242	0,036	3,469E-14	1,3
62,480	-17,698	1,309	-5,454	-0,4225	0,031	-0,130	1,3
62,520	-17,663	1,091	0,000	-0,4217	0,026	0,000	1,3
62,560	-17,610	1,309	2,727	-0,4204	0,031	0,065	1,3
62,600	-17,558	1,309		-0,4192	0,031		1,3
