Serie N.º 1	Serie N.º 1	Serie N.º 1	Serie N.º 1	Serie N.º 1	Serie N.º 1	Serie N.º 1	Serie N.º 1
Tiempo (s)	ángulo (rad)	Vector velocidad angular (rad/s)	Aceleración angular (rad/s²)	Posición (m)	Vector velocidad (m/s)	Aceleración (m/s²)	Intensidad luminosa (%)
0,000	0,000			0,0000			
0,040	0,000	0,000		0,0000	0,000		
0,080	0,000	0,000	0,000	0,0000	0,000	0,000	70,6
0,120	0,000	0,000	0,000	0,0000	0,000	0,000	70,2
0,160	0,000	0,000	0,000	0,0000	0,000	0,000	71,1
0,200	0,000	0,000	0,000	0,0000	0,000	0,000	71,5
0,240	0,000	0,000	0,000	0,0000	0,000	0,000	71,4
0,280	0,000	0,000	0,000	0,0000	0,000	0,000	70,6
0,320	0,000	0,000	0,000	0,0000	0,000	0,000	71,9
0,360	0,000	0,000	0,000	0,0000	0,000	0,000	70,9
0,400	0,000	0,000	0,000	0,0000	0,000	0,000	72,0
0,440	0,000	0,000	0,000	0,0000	0,000	0,000	71,6
0,480	0,000	0,000	0,000	0,0000	0,000	0,000	70,9
0,520	0,000	0,000	0,000	0,0000	0,000	0,000	70,8
0,560	0,000	0,000	0,000	0,0000	0,000	0,000	70,7
0,600	0,000	0,000	0,000	0,0000	0,000	0,000	70,2
0,640	0,000	0,000	0,000	0,0000	0,000	0,000	69,9
0,680	0,000	0,000	0,000	0,0000	0,000	0,000	69,7
0,720	0,000	0,000	0,000	0,0000	0,000	0,000	69,3
0,760	0,000	0,000	0,000	0,0000	0,000	0,000	69,7
0,800	0,000	0,000	0,000	0,0000	0,000	0,000	69,2
0,840	0,000	0,000	0,000	0,0000	0,000	0,000	69,1
0,880	0,000	0,000	0,000	0,0000	0,000	0,000	69,8
0,920	0,000	0,000	0,000	0,0000	0,000	0,000	68,8
0,960	0,000	0,000	0,000	0,0000	0,000	0,000	68,4
1,000	0,000	0,000	0,000	0,0000	0,000	0,000	68,4
1,040	0,000	0,000	0,000	0,0000	0,000	0,000	67,7
1,080	0,000	0,000	0,000	0,0000	0,000	0,000	68,0
1,120	0,000	0,000	0,000	0,0000	0,000	0,000	67,8
1,160	0,000	0,000	0,000	0,0000	0,000	0,000	67,2
1,200	0,000	0,000	0,000	0,0000	0,000	0,000	66,5
1,240	0,000	0,000	0,000	0,0000	0,000	0,000	66,6
1,280	0,000	0,000	0,000	0,0000	0,000	0,000	66,4
1,320	0,000	0,000	0,000	0,0000	0,000	0,000	65,8
1,360	0,000	0,000	0,000	0,0000	0,000	0,000	65,4
1,400	0,000	0,000	0,000	0,0000	0,000	0,000	65,0
1,440	0,000	0,000	0,000	0,0000	0,000	0,000	64,5
1,480	0,000	0,000	0,000	0,0000	0,000	0,000	63,7
1,520	0,000	0,000	0,000	0,0000	0,000	0,000	63,1
1,560	0,000	0,000	0,000	0,0000	0,000	0,000	61,2
1,600	0,000	0,000	0,000	0,0000	0,000	0,000	60,8
1,640	0,000	0,000	0,000	0,0000	0,000	0,000	61,3
1,680	0,000	0,000	2,727	0,0000	0,000	0,065	60,8
1,720	0,000	0,218	2,727	0,0000	0,005	0,065	59,6
1,760	0,017	0,218	-2,727	4,1667E-4	0,005	-0,065	57,0
1,800	0,017	0,000	-2,727	4,1667E-4	0,000	-0,065	52,9
1,840	0,017	0,000	0,000	4,1667E-4	0,000	0,000	53,3
1,880	0,017	0,000	0,000	4,1667E-4	0,000	0,000	52,3
1,920	0,017	0,000	0,000	4,1667E-4	0,000	0,000	49,2
1,960	0,017	0,000	0,000	4,1667E-4	0,000	0,000	46,3
2,000	0,017	0,000	0,000	4,1667E-4	0,000	0,000	26,0
2,040	0,017	0,000	0,000	4,1667E-4	0,000	0,000	18,2
2,080	0,017	0,000	0,000	4,1667E-4	0,000	0,000	15,8
2,120	0,017	0,000	0,000	4,1667E-4	0,000	0,000	16,2
2,160	0,017	0,000	0,000	4,1667E-4	0,000	0,000	14,6
2,200	0,017	0,000	0,000	4,1667E-4	0,000	0,000	10,8
2,240	0,017	0,000	2,727	4,1667E-4	0,000	0,065	6,8
2,280	0,017	0,218	32,725	4,1667E-4	0,005	0,781	5,2
2,320	0,035	2,618	79,085	8,3333E-4	0,063	1,888	5,1
2,360	0,227	6,545	57,269	0,0054	0,156	1,367	4,9
2,400	0,559	7,199	-24,544	0,0133	0,172	-0,586	4,6
2,440	0,803	4,581	-62,723	0,0192	0,109	-1,497	3,9
2,480	0,925	2,182	-35,452	0,0221	0,052	-0,846	3,2
2,520	0,977	1,745	8,181	0,0233	0,042	0,195	2,8
2,560	1,065	2,836	24,544	0,0254	0,068	0,586	2,6
2,600	1,204	3,709	16,362	0,0287	0,089	0,391	2,6
2,640	1,361	4,145	-3,331E-14	0,0325	0,099	-1,214E-15	2,5
2,680	1,536	3,709	-10,908	0,0367	0,089	-0,260	2,4
2,720	1,658	3,272	3,331E-14	0,0396	0,078	0,000	2,3
2,760	1,798	3,709	10,908	0,0429	0,089	0,260	2,1
2,800	1,955	4,145	16,362	0,0467	0,099	0,391	2,1
2,840	2,129	5,018	21,817	0,0508	0,120	0,521	2,1
2,880	2,356	5,890	16,362	0,0562	0,141	0,391	2,0
2,920	2,601	6,327	2,727	0,0621	0,151	0,065	1,9
2,960	2,862	6,109	-8,181	0,0683	0,146	-0,195	1,8
3,000	3,089	5,672	-8,181	0,0737	0,135	-0,195	1,7
3,040	3,316	5,454	-2,727	0,0792	0,130	-0,065	1,5
3,080	3,526	5,454	2,727	0,0842	0,130	0,065	1,5
3,120	3,752	5,672	5,454	0,0896	0,135	0,130	1,4
3,160	3,979	5,890	2,727	0,0950	0,141	0,065	1,3
3,200	4,224	5,890	-2,727	0,1008	0,141	-0,065	1,2
3,240	4,451	5,672	-6,661E-14	0,1062	0,135	-2,082E-15	1,1
3,280	4,677	5,890	2,554E-13	0,1117	0,141	9,368E-15	1,1
3,320	4,922	5,672	-2,727	0,1175	0,135	-0,065	1,1
3,360	5,131	5,672	5,454	0,1225	0,135	0,130	1,0
3,400	5,376	6,109	10,908	0,1283	0,146	0,260	0,9
3,440	5,620	6,545	21,817	0,1342	0,156	0,521	0,9
3,480	5,899	7,854	21,817	0,1408	0,187	0,521	0,9
3,520	6,248	8,290	-5,454	0,1492	0,198	-0,130	0,8
3,560	6,562	7,418	-19,090	0,1567	0,177	-0,456	0,8
3,600	6,842	6,763	-13,635	0,1633	0,161	-0,326	0,8
3,640	7,103	6,327	-8,181	0,1696	0,151	-0,195	0,7
3,680	7,348	6,109	-1,443E-13	0,1754	0,146	0,000	0,7
3,720	7,592	6,327	13,635	0,1812	0,151	0,326	0,7
3,760	7,854	7,199	19,090	0,1875	0,172	0,456	0,6
3,800	8,168	7,854	19,090	0,1950	0,188	0,456	0,6
3,840	8,482	8,727	21,817	0,2025	0,208	0,521	0,6
3,880	8,866	9,599	-5,995E-13	0,2117	0,229	-1,457E-14	0,6
3,920	9,250	8,727	-19,090	0,2208	0,208	-0,456	0,5
3,960	9,564	8,072	-16,362	0,2283	0,193	-0,391	0,4
4,000	9,896	7,418	-21,817	0,2362	0,177	-0,521	0,4
4,040	10,158	6,327	-19,090	0,2425	0,151	-0,456	0,4
4,080	10,402	5,890	-13,635	0,2483	0,141	-0,326	0,4
4,120	10,629	5,236	-16,362	0,2537	0,125	-0,391	0,4
4,160	10,821	4,581	-13,635	0,2583	0,109	-0,326	0,4
4,200	10,996	4,145	-2,727	0,2625	0,099	-0,065	0,4
4,240	11,153	4,363	10,908	0,2662	0,104	0,260	0,4
4,280	11,345	5,018	16,362	0,2708	0,120	0,391	0,4
4,320	11,554	5,672	8,181	0,2758	0,135	0,195	0,4
4,360	11,798	5,672	-5,454	0,2817	0,135	-0,130	0,4
4,400	12,008	5,236	2,776E-13	0,2867	0,125	8,674E-15	0,3
4,440	12,217	5,672	13,635	0,2917	0,135	0,326	0,4
4,480	12,462	6,327	5,454	0,2975	0,151	0,130	0,4
4,520	12,723	6,109	-5,454	0,3037	0,146	-0,130	0,4
4,560	12,950	5,890	5,662E-13	0,3092	0,141	2,047E-14	0,3
4,600	13,195	6,109	-2,727	0,3150	0,146	-0,065	0,4
4,640	13,439	5,672	-10,908	0,3208	0,135	-0,260	0,3
4,680	13,648	5,236	-5,454	0,3258	0,125	-0,130	0,3
4,720	13,858	5,236	-8,181	0,3308	0,125	-0,195	0,3
4,760	14,067	4,581	-19,090	0,3358	0,109	-0,456	0,3
4,800	14,224	3,709	-8,181	0,3396	0,089	-0,195	0,3
4,840	14,364	3,927	0,000	0,3429	0,094	0,000	0,3
4,880	14,539	3,709	-19,090	0,3471	0,089	-0,456	0,3
4,920	14,661	2,400	-27,271	0,3500	0,057	-0,651	0,2
4,960	14,731	1,527	-10,908	0,3517	0,036	-0,260	0,3
5,000	14,783	1,527	2,727	0,3529	0,036	0,065	0,3
5,040	14,853	1,745	8,181	0,3546	0,042	0,195	0,3
5,080	14,923	2,182	10,908	0,3562	0,052	0,260	0,2
5,120	15,027	2,618	5,454	0,3587	0,062	0,130	0,3
5,160	15,132	2,618	5,454	0,3612	0,062	0,130	0,3
5,200	15,237	3,054	10,908	0,3637	0,073	0,260	0,3
5,240	15,376	3,491	0,000	0,3671	0,083	-8,674E-15	0,3
5,280	15,516	3,054	-19,090	0,3704	0,073	-0,456	0,3
5,320	15,621	1,963	-19,090	0,3729	0,047	-0,456	0,3
5,360	15,673	1,527	10,908	0,3742	0,036	0,260	0,3
5,400	15,743	2,836	49,087	0,3758	0,068	1,172	0,2
5,440	15,900	5,454	54,542	0,3796	0,130	1,302	0,2
5,480	16,179	7,199	13,635	0,3862	0,172	0,326	0,2
5,520	16,476	6,545	-24,544	0,3933	0,156	-0,586	0,3
5,560	16,703	5,236	-21,817	0,3987	0,125	-0,521	0,3
5,600	16,895	4,800	2,727	0,4033	0,115	0,065	0,3
5,640	17,087	5,454	10,908	0,4079	0,130	0,260	0,3
5,680	17,331	5,672	-8,181	0,4137	0,135	-0,195	0,4
5,720	17,541	4,800	-19,090	0,4187	0,115	-0,456	0,3
5,760	17,715	4,145	-2,727	0,4229	0,099	-0,065	0,3
5,800	17,872	4,581	10,908	0,4267	0,109	0,260	0,2
5,840	18,082	5,018	2,727	0,4317	0,120	0,065	0,2
5,880	18,274	4,800	5,551E-13	0,4362	0,115	0,000	0,3
5,920	18,466	5,018	2,727	0,4408	0,120	0,065	0,2
5,960	18,675	5,018	-5,454	0,4458	0,120	-0,130	0,2
6,000	18,867	4,581	-2,727	0,4504	0,109	-0,065	0,2
6,040	19,042	4,800	2,727	0,4546	0,115	0,065	0,2
6,080	19,251	4,800	-8,181	0,4596	0,115	-0,195	0,2
6,120	19,426	4,145	-13,635	0,4637	0,099	-0,326	0,2
6,160	19,583	3,709	-10,908	0,4675	0,089	-0,260	0,2
6,200	19,722	3,272	-10,908	0,4708	0,078	-0,260	0,2
6,240	19,844	2,836	-16,362	0,4737	0,068	-0,391	0,2
6,280	19,949	1,963	-16,362	0,4762	0,047	-0,391	0,2
6,320	20,001	1,527	8,181	0,4775	0,036	0,195	0,2
6,360	20,071	2,618	35,452	0,4792	0,062	0,846	0,2
6,400	20,211	4,363	29,998	0,4825	0,104	0,716	0,2
6,440	20,420	5,018	5,454	0,4875	0,120	0,130	0,2
6,480	20,612	4,800	-2,727	0,4921	0,115	-0,065	0,2
6,520	20,804	4,800	-2,727	0,4967	0,115	-0,065	0,2
6,560	20,996	4,581	2,727	0,5012	0,109	0,065	0,2
6,600	21,171	5,018	16,362	0,5054	0,120	0,391	0,2
6,640	21,398	5,890	16,362	0,5108	0,141	0,391	0,2
6,680	21,642	6,327	5,454	0,5167	0,151	0,130	0,2
6,720	21,904	6,327	-13,635	0,5229	0,151	-0,326	0,2
6,760	22,148	5,236	-21,817	0,5287	0,125	-0,521	0,2
6,800	22,323	4,581	-2,727	0,5329	0,109	-0,065	0,2
6,840	22,515	5,018	8,181	0,5375	0,120	0,195	0,2
6,880	22,724	5,236	10,908	0,5425	0,125	0,260	0,2
6,920	22,934	5,890	13,635	0,5475	0,141	0,326	0,3
6,960	23,195	6,327	-8,181	0,5537	0,151	-0,195	0,4
7,000	23,440	5,236	-27,271	0,5596	0,125	-0,651	0,8
7,040	23,614	4,145	-8,181	0,5637	0,099	-0,195	1,4
7,080	23,771	4,581	10,908	0,5675	0,109	0,260	1,6
7,120	23,981	5,018	2,727	0,5725	0,120	0,065	1,2
7,160	24,173	4,800	-5,454	0,5771	0,115	-0,130	0,7
7,200	24,365	4,581	-2,727	0,5817	0,109	-0,065	0,3
7,240	24,539	4,581	2,727	0,5858	0,109	0,065	0,3
7,280	24,731	4,800	0,000	0,5904	0,115	1,735E-14	0,2
7,320	24,923	4,581	5,454	0,5950	0,109	0,130	0,2
7,360	25,098	5,236	19,090	0,5992	0,125	0,456	0,2
7,400	25,342	6,109	-5,454	0,6050	0,146	-0,130	0,2
7,440	25,587	4,800	-43,633	0,6108	0,115	-1,042	0,2
7,480	25,726	2,618	-35,452	0,6142	0,062	-0,846	0,2
7,520	25,796	1,963	-5,454	0,6158	0,047	-0,130	0,2
7,560	25,883	2,182	8,181	0,6179	0,052	0,195	0,2
7,600	25,970	2,618	5,454	0,6200	0,062	0,130	0,2
7,640	26,093	2,618	-2,727	0,6229	0,063	-0,065	0,2
7,680	26,180	2,400	2,727	0,6250	0,057	0,065	0,2
7,720	26,285	2,836	5,454	0,6275	0,068	0,130	0,2
7,760	26,407	2,836	-5,454	0,6304	0,068	-0,130	0,2
7,800	26,512	2,400	-8,181	0,6329	0,057	-0,195	0,2
7,840	26,599	2,182	-8,181	0,6350	0,052	-0,195	0,2
7,880	26,686	1,745	0,000	0,6371	0,042	-1,735E-14	0,2
7,920	26,738	2,182	8,181	0,6383	0,052	0,195	0,2
7,960	26,861	2,400	-8,181	0,6413	0,057	-0,195	0,2
8,000	26,930	1,527	-16,362	0,6429	0,036	-0,391	0,2
8,040	26,983	1,091	-8,181	0,6442	0,026	-0,195	0,2
8,080	27,018	0,873	-2,727	0,6450	0,021	-0,065	0,2
8,120	27,053	0,873	2,727	0,6458	0,021	0,065	0,2
8,160	27,088	1,091	10,908	0,6467	0,026	0,260	0,2
8,200	27,140	1,745	16,362	0,6479	0,042	0,391	0,2
8,240	27,227	2,400	10,908	0,6500	0,057	0,260	0,2
8,280	27,332	2,618	-2,727	0,6525	0,062	-0,065	0,2
8,320	27,437	2,182	-13,635	0,6550	0,052	-0,326	0,2
8,360	27,506	1,527	-16,362	0,6567	0,036	-0,391	0,2
8,400	27,559	0,873	5,454	0,6579	0,021	0,130	0,3
8,440	27,576	1,963	40,906	0,6583	0,047	0,977	0,3
8,480	27,716	4,145	19,090	0,6617	0,099	0,456	0,4
8,520	27,908	3,491	-29,998	0,6663	0,083	-0,716	0,5
8,560	27,995	1,745	-19,090	0,6683	0,042	-0,456	0,5
8,600	28,047	1,963	5,454	0,6696	0,047	0,130	0,7
8,640	28,152	2,182	-5,551E-13	0,6721	0,052	1,735E-14	0,6
8,680	28,222	1,963	-8,181	0,6737	0,047	-0,195	0,6
8,720	28,309	1,527	-16,362	0,6758	0,036	-0,391	0,6
8,760	28,344	0,654	-16,362	0,6767	0,016	-0,391	0,5
8,800	28,362	0,218	-5,454	0,6771	0,005	-0,130	0,4
8,840	28,362	0,218	8,181	0,6771	0,005	0,195	0,4
8,880	28,379	0,873	19,090	0,6775	0,021	0,456	0,4
8,920	28,431	1,745	5,454	0,6787	0,042	0,130	0,4
8,960	28,519	1,309	-2,727	0,6808	0,031	-0,065	0,4
9,000	28,536	1,527	16,362	0,6812	0,036	0,391	0,3
9,040	28,641	2,618	2,727	0,6837	0,062	0,065	0,3
9,080	28,746	1,745	-24,544	0,6862	0,042	-0,586	0,3
9,120	28,780	0,654	-16,362	0,6871	0,016	-0,391	0,2
9,160	28,798	0,436	-2,727	0,6875	0,010	-0,065	0,2
9,200	28,815	0,436	2,727	0,6879	0,010	0,065	0,2
9,240	28,833	0,654	2,727	0,6883	0,016	0,065	0,2
9,280	28,868	0,654	-5,454	0,6892	0,016	-0,130	0,2
9,320	28,885	0,218	-5,454	0,6896	0,005	-0,130	0,2
9,360	28,885	0,218	2,727	0,6896	0,005	0,065	0,2
9,400	28,903	0,436	5,454	0,6900	0,010	0,130	0,2
9,440	28,920	0,654	10,908	0,6904	0,016	0,260	0,2
9,480	28,955	1,309	13,635	0,6912	0,031	0,326	0,2
9,520	29,025	1,745	16,362	0,6929	0,042	0,391	0,2
9,560	29,095	2,618	13,635	0,6946	0,062	0,326	0,2
9,600	29,234	2,836	-16,362	0,6979	0,068	-0,391	0,2
9,640	29,322	1,309	-16,362	0,7000	0,031	-0,391	0,2
9,680	29,339	1,527	13,635	0,7004	0,036	0,326	0,2
9,720	29,444	2,400	-5,454	0,7029	0,057	-0,130	0,2
9,760	29,531	1,091	-29,998	0,7050	0,026	-0,716	0,2
9,800	29,531	0,000	-10,908	0,7050	0,000	-0,260	0,2
9,840	29,531	0,218	5,454	0,7050	0,005	0,130	0,2
9,880	29,548	0,436	2,727	0,7054	0,010	0,065	0,2
9,920	29,566	0,436	2,727	0,7058	0,010	0,065	0,2
9,960	29,583	0,654	5,454	0,7062	0,016	0,130	0,3
10,000	29,618	0,873	10,908	0,7071	0,021	0,260	0,2
10,040	29,653	1,527	13,635	0,7079	0,036	0,326	0,2
10,080	29,740	1,963	2,727	0,7100	0,047	0,065	0,2
10,120	29,810	1,745	-5,454	0,7117	0,042	-0,130	0,2
10,160	29,880	1,527	2,727	0,7133	0,036	0,065	0,2
10,200	29,932	1,963	5,454	0,7146	0,047	0,130	0,2
10,240	30,037	1,963	-13,635	0,7171	0,047	-0,326	0,2
10,280	30,089	0,873	-21,817	0,7183	0,021	-0,521	0,3
10,320	30,107	0,218	-10,908	0,7187	0,005	-0,260	0,2
10,360	30,107	0,000	-2,727	0,7187	0,000	-0,065	0,3
10,400	30,107	0,000	0,000	0,7187	0,000	0,000	0,3
10,440	30,107	0,000	0,000	0,7187	0,000	0,000	0,3
10,480	30,107	0,000	0,000	0,7187	0,000	0,000	0,3
10,520	30,107	0,000	0,000	0,7187	0,000	0,000	0,3
10,560	30,107	0,000	0,000	0,7187	0,000	0,000	0,3
10,600	30,107	0,000	0,000	0,7187	0,000	0,000	0,3
10,640	30,107	0,000	0,000	0,7187	0,000	0,000	0,2
10,680	30,107	0,000	0,000	0,7187	0,000	0,000	0,3
10,720	30,107	0,000	-2,727	0,7187	0,000	-0,065	0,3
10,760	30,107	-0,218	-2,727	0,7187	-0,005	-0,065	0,3
10,800	30,089	-0,218	2,727	0,7183	-0,005	0,065	0,3
10,840	30,089	0,000	2,727	0,7183	0,000	0,065	0,3
10,880	30,089	0,000	0,000	0,7183	0,000	0,000	0,2
10,920	30,089	0,000	0,000	0,7183	0,000	0,000	0,3
10,960	30,089	0,000	0,000	0,7183	0,000	0,000	0,2
11,000	30,089	0,000	0,000	0,7183	0,000	0,000	0,2
11,040	30,089	0,000	0,000	0,7183	0,000	0,000	0,2
11,080	30,089	0,000	0,000	0,7183	0,000	0,000	0,2
11,120	30,089	0,000	0,000	0,7183	0,000	0,000	0,2
11,160	30,089	0,000	0,000	0,7183	0,000	0,000	0,2
11,200	30,089	0,000	0,000	0,7183	0,000	0,000	0,2
11,240	30,089	0,000	0,000	0,7183	0,000	0,000	0,2
11,280	30,089	0,000	0,000	0,7183	0,000	0,000	0,2
11,320	30,089	0,000	-2,727	0,7183	0,000	-0,065	0,3
11,360	30,089	-0,218	-2,727	0,7183	-0,005	-0,065	0,2
11,400	30,072	-0,218	2,727	0,7179	-0,005	0,065	0,3
11,440	30,072	0,000	2,727	0,7179	0,000	0,065	0,2
11,480	30,072	0,000	0,000	0,7179	0,000	0,000	0,3
11,520	30,072	0,000	0,000	0,7179	0,000	0,000	0,2
11,560	30,072	0,000	0,000	0,7179	0,000	0,000	0,2
11,600	30,072	0,000	0,000	0,7179	0,000	0,000	0,2
11,640	30,072	0,000	0,000	0,7179	0,000	0,000	0,2
11,680	30,072	0,000	0,000	0,7179	0,000	0,000	0,2
11,720	30,072	0,000	0,000	0,7179	0,000	0,000	0,2
11,760	30,072	0,000	-2,727	0,7179	0,000	-0,065	0,2
11,800	30,072	-0,218	-2,727	0,7179	-0,005	-0,065	0,2
11,840	30,055	-0,218	2,727	0,7175	-0,005	0,065	0,2
11,880	30,055	0,000	2,727	0,7175	0,000	0,065	0,3
11,920	30,055	0,000	0,000	0,7175	0,000	0,000	0,2
11,960	30,055	0,000	0,000	0,7175	0,000	0,000	0,2
12,000	30,055	0,000	0,000	0,7175	0,000	0,000	0,1
12,040	30,055	0,000	-2,727	0,7175	0,000	-0,065	0,2
12,080	30,055	-0,218	-8,181	0,7175	-0,005	-0,195	0,2
12,120	30,037	-0,654	-13,635	0,7171	-0,016	-0,326	0,2
12,160	30,002	-1,309	-21,817	0,7162	-0,031	-0,521	0,2
12,200	29,932	-2,400	-27,271	0,7146	-0,057	-0,651	0,2
12,240	29,810	-3,491	-21,817	0,7117	-0,083	-0,521	0,2
12,280	29,653	-4,145	-8,181	0,7079	-0,099	-0,195	0,2
12,320	29,479	-4,145	8,181	0,7038	-0,099	0,195	0,2
12,360	29,322	-3,491	10,908	0,7000	-0,083	0,260	0,1
12,400	29,199	-3,272	-5,454	0,6971	-0,078	-0,130	0,2
12,440	29,060	-3,927	-13,635	0,6937	-0,094	-0,326	0,2
12,480	28,885	-4,363	-10,908	0,6896	-0,104	-0,260	0,2
12,520	28,711	-4,800	-16,362	0,6854	-0,115	-0,391	0,1
12,560	28,501	-5,672	-13,635	0,6804	-0,135	-0,326	0,2
12,600	28,257	-5,890	5,454	0,6746	-0,141	0,130	0,3
12,640	28,030	-5,236	16,362	0,6692	-0,125	0,391	0,4
12,680	27,838	-4,581	2,727	0,6646	-0,109	0,065	0,6
12,720	27,663	-5,018	-16,362	0,6604	-0,120	-0,391	0,5
12,760	27,437	-5,890	-19,090	0,6550	-0,141	-0,456	0,3
12,800	27,192	-6,545	-2,727	0,6492	-0,156	-0,065	0,2
12,840	26,913	-6,109	13,635	0,6425	-0,146	0,326	0,2
12,880	26,704	-5,454	5,454	0,6375	-0,130	0,130	0,1
12,920	26,477	-5,672	0,000	0,6321	-0,135	-1,735E-14	0,1
12,960	26,250	-5,454	5,454	0,6267	-0,130	0,130	0,1
13,000	26,040	-5,236	5,454	0,6217	-0,125	0,130	0,1
13,040	25,831	-5,018	5,454	0,6167	-0,120	0,130	0,1
13,080	25,639	-4,800	2,727	0,6121	-0,115	0,065	0,1
13,120	25,447	-4,800	10,908	0,6075	-0,115	0,260	0,1
13,160	25,255	-3,927	27,271	0,6029	-0,094	0,651	0,1
13,200	25,133	-2,618	24,544	0,6000	-0,062	0,586	0,1
13,240	25,045	-1,963	8,181	0,5979	-0,047	0,195	0,1
13,280	24,976	-1,963	-2,727	0,5962	-0,047	-0,065	0,1
13,320	24,888	-2,182	-8,181	0,5942	-0,052	-0,195	0,1
13,360	24,801	-2,618	-8,181	0,5921	-0,062	-0,195	0,1
13,400	24,679	-2,836	-8,181	0,5892	-0,068	-0,195	0,1
13,440	24,574	-3,272	-8,181	0,5867	-0,078	-0,195	0,1
13,480	24,417	-3,491	2,727	0,5829	-0,083	0,065	0,1
13,520	24,295	-3,054	8,181	0,5800	-0,073	0,195	0,1
13,560	24,173	-2,836	2,727	0,5771	-0,068	0,065	0,2
13,600	24,068	-2,836	-2,727	0,5746	-0,068	-0,065	0,2
13,640	23,946	-3,054	-2,727	0,5717	-0,073	-0,065	0,4
13,680	23,824	-3,054	-2,727	0,5687	-0,073	-0,065	0,7
13,720	23,702	-3,272	-2,727	0,5658	-0,078	-0,065	1,0
13,760	23,562	-3,272	-2,727	0,5625	-0,078	-0,065	1,3
13,800	23,440	-3,491	-13,635	0,5596	-0,083	-0,326	1,5
13,840	23,283	-4,363	-10,908	0,5558	-0,104	-0,260	1,5
13,880	23,091	-4,363	5,551E-13	0,5512	-0,104	-1,735E-14	1,3
13,920	22,934	-4,363	-8,181	0,5475	-0,104	-0,195	0,9
13,960	22,742	-5,018	-10,908	0,5429	-0,120	-0,260	0,5
14,000	22,532	-5,236	-5,454	0,5379	-0,125	-0,130	0,2
14,040	22,323	-5,454	-10,908	0,5329	-0,130	-0,260	0,2
14,080	22,096	-6,109	-16,362	0,5275	-0,146	-0,391	0,2
14,120	21,834	-6,763	-13,635	0,5213	-0,161	-0,326	0,1
14,160	21,555	-7,199	-5,454	0,5146	-0,172	-0,130	0,1
14,200	21,258	-7,199	0,000	0,5075	-0,172	8,327E-15	0,1
14,240	20,979	-7,199	-2,727	0,5008	-0,172	-0,065	0,1
14,280	20,682	-7,418	13,635	0,4937	-0,177	0,326	0,1
14,320	20,385	-6,109	27,271	0,4867	-0,146	0,651	0,1
14,360	20,193	-5,236	2,727	0,4821	-0,125	0,065	0,1
14,400	19,967	-5,890	-5,454	0,4767	-0,141	-0,130	0,1
14,440	19,722	-5,672	13,635	0,4708	-0,135	0,326	0,1
14,480	19,513	-4,800	19,090	0,4658	-0,115	0,456	0,1
14,520	19,338	-4,145	8,181	0,4617	-0,099	0,195	0,1
14,560	19,181	-4,145	-13,635	0,4579	-0,099	-0,326	0,1
14,600	19,007	-5,236	-38,179	0,4538	-0,125	-0,911	0,1
14,640	18,762	-7,199	-43,633	0,4479	-0,172	-1,042	0,1
14,680	18,431	-8,727	-19,090	0,4400	-0,208	-0,456	0,1
14,720	18,064	-8,727	2,727	0,4312	-0,208	0,065	0,1
14,760	17,733	-8,508	0,000	0,4233	-0,203	0,000	0,1
14,800	17,383	-8,727	-5,454	0,4150	-0,208	-0,130	0,2
14,840	17,034	-8,945	-13,635	0,4067	-0,214	-0,326	0,2
14,880	16,668	-9,817	-24,544	0,3979	-0,234	-0,586	0,2
14,920	16,249	-10,908	-13,635	0,3879	-0,260	-0,326	0,2
14,960	15,795	-10,908	21,817	0,3771	-0,260	0,521	0,1
15,000	15,376	-9,163	27,271	0,3671	-0,219	0,651	0,2
15,040	15,062	-8,727	-8,181	0,3596	-0,208	-0,195	0,1
15,080	14,678	-9,817	-16,362	0,3504	-0,234	-0,391	0,1
15,120	14,277	-10,036	-2,727	0,3408	-0,240	-0,065	0,1
15,160	13,875	-10,036	5,454	0,3312	-0,240	0,130	0,1
15,200	13,474	-9,599	13,635	0,3217	-0,229	0,326	0,2
15,240	13,107	-8,945	13,635	0,3129	-0,214	0,326	0,2
15,280	12,758	-8,508	5,454	0,3046	-0,203	0,130	0,2
15,320	12,427	-8,508	2,727	0,2967	-0,203	0,065	0,2
15,360	12,078	-8,290	16,362	0,2883	-0,198	0,391	0,2
15,400	11,764	-7,199	16,362	0,2808	-0,172	0,391	0,2
15,440	11,502	-6,981	-13,635	0,2746	-0,167	-0,326	0,3
15,480	11,205	-8,290	-27,271	0,2675	-0,198	-0,651	0,2
15,520	10,838	-9,163	-10,908	0,2587	-0,219	-0,260	0,2
15,560	10,472	-9,163	5,454	0,2500	-0,219	0,130	0,2
15,600	10,105	-8,727	13,635	0,2412	-0,208	0,326	0,2
15,640	9,774	-8,072	8,181	0,2333	-0,193	0,195	0,3
15,680	9,460	-8,072	-2,727	0,2258	-0,193	-0,065	0,3
15,720	9,128	-8,290	2,727	0,2179	-0,198	0,065	0,3
15,760	8,796	-7,854	10,908	0,2100	-0,187	0,260	0,3
15,800	8,500	-7,418	-1,443E-13	0,2029	-0,177	-4,163E-15	0,3
15,840	8,203	-7,854	-16,362	0,1958	-0,187	-0,391	0,3
15,880	7,871	-8,727	-10,908	0,1879	-0,208	-0,260	0,4
15,920	7,505	-8,727	8,181	0,1792	-0,208	0,195	0,3
15,960	7,173	-8,072	8,181	0,1712	-0,193	0,195	0,4
16,000	6,859	-8,072	-8,181	0,1637	-0,193	-0,195	0,5
16,040	6,528	-8,727	-19,090	0,1558	-0,208	-0,456	0,6
16,080	6,161	-9,599	-24,544	0,1471	-0,229	-0,586	0,6
16,120	5,760	-10,690	-29,998	0,1375	-0,255	-0,716	0,6
16,160	5,306	-11,999	-24,544	0,1267	-0,286	-0,586	0,7
16,200	4,800	-12,654	-5,454	0,1146	-0,302	-0,130	0,8
16,240	4,294	-12,435	8,181	0,1025	-0,297	0,195	0,8
16,280	3,805	-11,999	8,181	0,0908	-0,286	0,195	0,9
16,320	3,334	-11,781	8,181	0,0796	-0,281	0,195	1,1
16,360	2,862	-11,345	10,908	0,0683	-0,271	0,260	1,3
16,400	2,426	-10,908	6,262E-12	0,0579	-0,260	1,492E-13	1,5
16,440	1,990	-11,345	-8,181	0,0475	-0,271	-0,195	1,7
16,480	1,518	-11,563	-6,306E-12	0,0362	-0,276	-1,506E-13	1,9
16,520	1,065	-11,345	6,439E-12	0,0254	-0,271	1,533E-13	2,1
16,560	0,611	-11,563	-2,727	0,0146	-0,276	-0,065	2,6
16,600	0,140	-11,563	-10,908	0,0033	-0,276	-0,260	3,3
16,640	-0,314	-12,435	-19,090	-0,0075	-0,297	-0,456	6,3
16,680	-0,855	-13,090	6,906E-12	-0,0204	-0,313	1,645E-13	56,8
16,720	-1,361	-12,435	8,181	-0,0325	-0,297	0,195	63,9
16,760	-1,850	-12,435	-5,454	-0,0442	-0,297	-0,130	8,6
16,800	-2,356	-12,872	5,454	-0,0562	-0,307	0,130	3,2
16,840	-2,880	-11,999	29,998	-0,0687	-0,286	0,716	2,5
16,880	-3,316	-10,472	16,362	-0,0792	-0,250	0,391	2,1
16,920	-3,718	-10,690	-24,544	-0,0887	-0,255	-0,586	1,8
16,960	-4,171	-12,435	-21,817	-0,0996	-0,297	-0,521	1,4
17,000	-4,712	-12,435	19,090	-0,1125	-0,297	0,456	1,2
17,040	-5,166	-10,908	29,998	-0,1233	-0,260	0,716	1,0
17,080	-5,585	-10,036	5,454	-0,1333	-0,240	0,130	0,9
17,120	-5,969	-10,472	-8,181	-0,1425	-0,250	-0,195	0,8
17,160	-6,423	-10,690	2,727	-0,1533	-0,255	0,065	0,6
17,200	-6,824	-10,254	-8,181	-0,1629	-0,245	-0,195	0,6
17,240	-7,243	-11,345	-27,271	-0,1729	-0,271	-0,651	0,6
17,280	-7,732	-12,435	-8,181	-0,1846	-0,297	-0,195	0,6
17,320	-8,238	-11,999	10,908	-0,1967	-0,286	0,260	0,5
17,360	-8,692	-11,563	8,181	-0,2075	-0,276	0,195	0,4
17,400	-9,163	-11,345	5,454	-0,2187	-0,271	0,130	0,4
17,440	-9,599	-11,126	5,454	-0,2292	-0,266	0,130	0,3
17,480	-10,053	-10,908	13,635	-0,2400	-0,260	0,326	0,3
17,520	-10,472	-10,036	19,090	-0,2500	-0,240	0,456	0,3
17,560	-10,856	-9,381	8,181	-0,2592	-0,224	0,195	0,3
17,600	-11,222	-9,381	-5,218E-12	-0,2679	-0,224	-1,287E-13	0,3
17,640	-11,606	-9,381	5,454	-0,2771	-0,224	0,130	0,3
17,680	-11,973	-8,945	8,181	-0,2858	-0,214	0,195	0,3
17,720	-12,322	-8,727	-8,181	-0,2942	-0,208	-0,195	0,3
17,760	-12,671	-9,599	-16,362	-0,3025	-0,229	-0,391	0,2
17,800	-13,090	-10,036	-8,181	-0,3125	-0,240	-0,195	0,2
17,840	-13,474	-10,254	-2,727	-0,3217	-0,245	-0,065	0,2
17,880	-13,910	-10,254	10,908	-0,3321	-0,245	0,260	0,2
17,920	-14,294	-9,381	13,635	-0,3412	-0,224	0,326	0,2
17,960	-14,661	-9,163	-5,218E-12	-0,3500	-0,219	-1,242E-13	0,2
18,000	-15,027	-9,381	-5,454	-0,3587	-0,224	-0,130	0,2
18,040	-15,411	-9,599	5,454	-0,3679	-0,229	0,130	0,2
18,080	-15,795	-8,945	13,635	-0,3771	-0,214	0,326	0,2
18,120	-16,127	-8,508	-5,507E-12	-0,3850	-0,203	-1,273E-13	0,3
18,160	-16,476	-8,945	-2,727	-0,3933	-0,214	-0,065	0,3
18,200	-16,842	-8,727	5,454	-0,4021	-0,208	0,130	0,2
18,240	-17,174	-8,508	10,908	-0,4100	-0,203	0,260	0,2
18,280	-17,523	-7,854	19,090	-0,4183	-0,188	0,456	0,2
18,320	-17,802	-6,981	16,362	-0,4250	-0,167	0,391	0,1
18,360	-18,082	-6,545	8,181	-0,4317	-0,156	0,195	0,2
18,400	-18,326	-6,327	-2,727	-0,4375	-0,151	-0,065	0,2
18,440	-18,588	-6,763	-5,454	-0,4437	-0,161	-0,130	0,3
18,480	-18,867	-6,763	5,454	-0,4504	-0,161	0,130	0,3
18,520	-19,129	-6,327	8,181	-0,4567	-0,151	0,195	0,2
18,560	-19,373	-6,109	3,508E-12	-0,4625	-0,146	8,396E-14	0,1
18,600	-19,617	-6,327	-8,181	-0,4683	-0,151	-0,195	0,1
18,640	-19,879	-6,763	-8,181	-0,4746	-0,161	-0,195	0,1
18,680	-20,159	-6,981	-2,727	-0,4812	-0,167	-0,065	0,1
18,720	-20,438	-6,981	5,454	-0,4879	-0,167	0,130	0,1
18,760	-20,717	-6,545	8,181	-0,4946	-0,156	0,195	0,1
18,800	-20,961	-6,327	5,454	-0,5004	-0,151	0,130	0,1
18,840	-21,223	-6,109	16,362	-0,5067	-0,146	0,391	0,1
18,880	-21,450	-5,018	10,908	-0,5121	-0,120	0,260	0,1
18,920	-21,625	-5,236	-2,727	-0,5163	-0,125	-0,065	0,1
18,960	-21,869	-5,236	10,908	-0,5221	-0,125	0,260	0,1
19,000	-22,044	-4,363	5,454	-0,5262	-0,104	0,130	0,1
19,040	-22,218	-4,800	-10,908	-0,5304	-0,115	-0,260	0,1
19,080	-22,427	-5,236	-10,908	-0,5354	-0,125	-0,260	0,1
19,120	-22,637	-5,672	-13,635	-0,5404	-0,135	-0,326	0,1
19,160	-22,881	-6,327	-5,454	-0,5463	-0,151	-0,130	0,1
19,200	-23,143	-6,109	5,454	-0,5525	-0,146	0,130	0,1
19,240	-23,370	-5,890	-3,952E-12	-0,5579	-0,141	-9,819E-14	0,1
19,280	-23,614	-6,109	-5,454	-0,5637	-0,146	-0,130	0,1
19,320	-23,859	-6,327	-8,181	-0,5696	-0,151	-0,195	0,1
19,360	-24,120	-6,763	-8,181	-0,5758	-0,161	-0,195	0,2
19,400	-24,400	-6,981	-5,454	-0,5825	-0,167	-0,130	0,1
19,440	-24,679	-7,199	-5,454	-0,5892	-0,172	-0,130	0,1
19,480	-24,976	-7,418	2,727	-0,5962	-0,177	0,065	0,2
19,520	-25,272	-6,981	21,817	-0,6033	-0,167	0,521	0,3
19,560	-25,534	-5,672	24,544	-0,6096	-0,135	0,586	1,3
19,600	-25,726	-5,018	2,727	-0,6142	-0,120	0,065	2,4
19,640	-25,936	-5,454	2,727	-0,6192	-0,130	0,065	2,3
19,680	-26,162	-4,800	19,090	-0,6246	-0,115	0,456	1,6
19,720	-26,320	-3,927	5,454	-0,6283	-0,094	0,130	0,8
19,760	-26,477	-4,363	-10,908	-0,6321	-0,104	-0,260	0,2
19,800	-26,669	-4,800	-2,727	-0,6367	-0,115	-0,065	0,2
19,840	-26,861	-4,581	5,454	-0,6413	-0,109	0,130	0,1
19,880	-27,035	-4,363	2,542E-12	-0,6454	-0,104	6,072E-14	0,1
19,920	-27,210	-4,581	-5,454	-0,6496	-0,109	-0,130	0,1
19,960	-27,402	-4,800	2,727	-0,6542	-0,115	0,065	0,1
20,000	-27,594	-4,363	13,635	-0,6587	-0,104	0,326	0,1
20,040	-27,751	-3,709	10,908	-0,6625	-0,089	0,260	0,1
20,080	-27,890	-3,491	-2,727	-0,6658	-0,083	-0,065	0,1
20,120	-28,030	-3,927	-10,908	-0,6692	-0,094	-0,260	0,1
20,160	-28,205	-4,363	-2,727	-0,6733	-0,104	-0,065	0,0
20,200	-28,379	-4,145	5,454	-0,6775	-0,099	0,130	0,1
20,240	-28,536	-3,927	5,454	-0,6812	-0,094	0,130	0,1
20,280	-28,693	-3,709	2,727	-0,6850	-0,089	0,065	0,1
20,320	-28,833	-3,709	-10,908	-0,6883	-0,089	-0,260	0,1
20,360	-28,990	-4,581	-27,271	-0,6921	-0,109	-0,651	0,1
20,400	-29,199	-5,890	-19,090	-0,6971	-0,141	-0,456	0,1
20,440	-29,461	-6,109	5,454	-0,7033	-0,146	0,130	0,1
20,480	-29,688	-5,454	13,635	-0,7088	-0,130	0,326	0,1
20,520	-29,897	-5,018	8,181	-0,7137	-0,120	0,195	0,1
20,560	-30,089	-4,800	3,331E-12	-0,7183	-0,115	4,909E-14	0,1
20,600	-30,281	-5,018	5,454	-0,7229	-0,120	0,130	0,1
20,640	-30,491	-4,363	16,362	-0,7279	-0,104	0,391	0,2
20,680	-30,631	-3,709	5,454	-0,7312	-0,089	0,130	0,4
20,720	-30,788	-3,927	2,615E-12	-0,7350	-0,094	4,909E-14	0,8
20,760	-30,945	-3,709	13,635	-0,7387	-0,089	0,326	1,1
20,800	-31,084	-2,836	16,362	-0,7421	-0,068	0,391	1,2
20,840	-31,172	-2,400	5,454	-0,7442	-0,057	0,130	1,1
20,880	-31,276	-2,400	2,727	-0,7467	-0,057	0,065	0,9
20,920	-31,364	-2,182	-1,887E-12	-0,7487	-0,052	-4,918E-14	0,7
20,960	-31,451	-2,400	2,727	-0,7508	-0,057	0,065	0,4
21,000	-31,556	-1,963	5,454	-0,7533	-0,047	0,130	0,3
21,040	-31,608	-1,963	-21,817	-0,7546	-0,047	-0,521	0,2
21,080	-31,713	-3,709	-38,179	-0,7571	-0,089	-0,911	0,1
21,120	-31,905	-5,018	-21,817	-0,7617	-0,120	-0,521	0,1
21,160	-32,114	-5,454	5,454	-0,7667	-0,130	0,130	0,1
21,200	-32,341	-4,581	10,908	-0,7721	-0,109	0,260	0,1
21,240	-32,481	-4,581	-19,090	-0,7754	-0,109	-0,456	0,1
21,280	-32,707	-6,109	-13,635	-0,7808	-0,146	-0,326	0,1
21,320	-32,969	-5,672	16,362	-0,7871	-0,135	0,391	0,0
21,360	-33,161	-4,800	10,908	-0,7917	-0,115	0,260	0,1
21,400	-33,353	-4,800	5,454	-0,7962	-0,115	0,130	0,0
21,440	-33,545	-4,363	8,181	-0,8008	-0,104	0,195	0,1
21,480	-33,702	-4,145	-2,727	-0,8046	-0,099	-0,065	0,3
21,520	-33,877	-4,581	-2,727	-0,8087	-0,109	-0,065	0,7
21,560	-34,069	-4,363	5,454	-0,8133	-0,104	0,130	1,1
21,600	-34,226	-4,145	8,181	-0,8171	-0,099	0,195	1,3
21,640	-34,400	-3,709	19,090	-0,8212	-0,089	0,456	1,2
21,680	-34,523	-2,618	16,362	-0,8242	-0,063	0,391	0,9
21,720	-34,610	-2,400	2,727	-0,8262	-0,057	0,065	0,6
21,760	-34,715	-2,400	8,181	-0,8288	-0,057	0,195	0,3
21,800	-34,802	-1,745	10,908	-0,8308	-0,042	0,260	0,2
21,840	-34,854	-1,527	2,082E-12	-0,8321	-0,036	2,316E-14	0,1
21,880	-34,924	-1,745	-2,727	-0,8337	-0,042	-0,065	0,1
21,920	-34,994	-1,745	-8,181	-0,8354	-0,042	-0,195	0,1
21,960	-35,064	-2,400	-2,727	-0,8371	-0,057	-0,065	0,1
22,000	-35,186	-1,963	13,635	-0,8400	-0,047	0,326	0,1
22,040	-35,221	-1,309	-10,908	-0,8408	-0,031	-0,260	0,1
22,080	-35,291	-2,836	-24,544	-0,8425	-0,068	-0,586	0,1
22,120	-35,448	-3,272	8,181	-0,8462	-0,078	0,195	0,1
22,160	-35,552	-2,182	13,635	-0,8487	-0,052	0,326	0,0
22,200	-35,622	-2,182	2,320E-12	-0,8504	-0,052	2,888E-14	0,1
22,240	-35,727	-2,182	5,454	-0,8529	-0,052	0,130	0,0
22,280	-35,797	-1,745	-5,454	-0,8546	-0,042	-0,130	0,0
22,320	-35,867	-2,618	-16,362	-0,8562	-0,063	-0,391	0,0
22,360	-36,006	-3,054	1,454E-12	-0,8596	-0,073	3,469E-14	0,0
22,400	-36,111	-2,618	-2,727	-0,8621	-0,062	-0,065	0,0
22,440	-36,216	-3,272	-10,908	-0,8646	-0,078	-0,260	0,1
22,480	-36,373	-3,491	8,181	-0,8683	-0,083	0,195	0,0
22,520	-36,495	-2,618	16,362	-0,8712	-0,063	0,391	0,0
22,560	-36,582	-2,182	8,181	-0,8733	-0,052	0,195	0,0
22,600	-36,669	-1,963	5,454	-0,8754	-0,047	0,130	0,0
22,640	-36,739	-1,745	2,727	-0,8771	-0,042	0,065	0,0
22,680	-36,809	-1,745	9,714E-13	-0,8787	-0,042	5,811E-15	0,0
22,720	-36,879	-1,745	5,454	-0,8804	-0,042	0,130	0,0
22,760	-36,949	-1,309	13,635	-0,8821	-0,031	0,326	0,0
22,800	-36,984	-0,654	10,908	-0,8829	-0,016	0,260	0,1
22,840	-37,001	-0,436	2,727	-0,8833	-0,010	0,065	0,0
22,880	-37,018	-0,436	2,727	-0,8837	-0,010	0,065	0,0
22,920	-37,036	-0,218	2,727	-0,8842	-0,005	0,065	0,0
22,960	-37,036	-0,218	-1,214E-13	-0,8842	-0,005	1,445E-14	0,0
23,000	-37,053	-0,218	2,727	-0,8846	-0,005	0,065	0,0
23,040	-37,053	0,000	2,727	-0,8846	0,000	0,065	0,0
23,080	-37,053	0,000	0,000	-0,8846	0,000	0,000	0,0
23,120	-37,053	0,000	0,000	-0,8846	0,000	0,000	0,0
23,160	-37,053	0,000	0,000	-0,8846	0,000	0,000	0,0
23,200	-37,053	0,000	0,000	-0,8846	0,000	0,000	0,1
23,240	-37,053	0,000	0,000	-0,8846	0,000	0,000	0,0
23,280	-37,053	0,000	0,000	-0,8846	0,000	0,000	0,0
23,320	-37,053	0,000	0,000	-0,8846	0,000	0,000	0,0
23,360	-37,053	0,000	0,000	-0,8846	0,000	0,000	0,0
23,400	-37,053	0,000	0,000	-0,8846	0,000	0,000	0,0
23,440	-37,053	0,000	0,000	-0,8846	0,000	0,000	0,0
23,480	-37,053	0,000	2,727	-0,8846	0,000	0,065	0,0
23,520	-37,053	0,218	2,727	-0,8846	0,005	0,065	0,0
23,560	-37,036	0,218	-2,727	-0,8842	0,005	-0,065	0,0
23,600	-37,036	0,000	-2,727	-0,8842	0,000	-0,065	0,0
23,640	-37,036	0,000	0,000	-0,8842	0,000	0,000	0,1
23,680	-37,036	0,000	0,000	-0,8842	0,000	0,000	0,0
23,720	-37,036	0,000	0,000	-0,8842	0,000	0,000	0,0
23,760	-37,036	0,000	0,000	-0,8842	0,000	0,000	0,1
23,800	-37,036	0,000	0,000	-0,8842	0,000	0,000	0,1
23,840	-37,036	0,000	0,000	-0,8842	0,000	0,000	0,1
23,880	-37,036	0,000	0,000	-0,8842	0,000	0,000	0,1
23,920	-37,036	0,000	0,000	-0,8842	0,000	0,000	0,0
23,960	-37,036	0,000	0,000	-0,8842	0,000	0,000	0,0
24,000	-37,036	0,000	0,000	-0,8842	0,000	0,000	0,0
24,040	-37,036	0,000	0,000	-0,8842	0,000	0,000	0,1
24,080	-37,036	0,000	0,000	-0,8842	0,000	0,000	0,0
24,120	-37,036	0,000	0,000	-0,8842	0,000	0,000	0,0
24,160	-37,036	0,000	0,000	-0,8842	0,000	0,000	0,0
24,200	-37,036	0,000	0,000	-0,8842	0,000	0,000	0,1
24,240	-37,036	0,000	0,000	-0,8842	0,000	0,000	0,0
24,280	-37,036	0,000	0,000	-0,8842	0,000	0,000	0,1
24,320	-37,036	0,000	0,000	-0,8842	0,000	0,000	0,0
24,360	-37,036	0,000	0,000	-0,8842	0,000	0,000	0,1
24,400	-37,036	0,000	0,000	-0,8842	0,000	0,000	0,1
24,440	-37,036	0,000	0,000	-0,8842	0,000	0,000	0,1
24,480	-37,036	0,000	0,000	-0,8842	0,000	0,000	0,1
24,520	-37,036	0,000	0,000	-0,8842	0,000	0,000	0,0
24,560	-37,036	0,000	0,000	-0,8842	0,000	0,000	0,1
24,600	-37,036	0,000	0,000	-0,8842	0,000	0,000	0,1
24,640	-37,036	0,000	0,000	-0,8842	0,000	0,000	0,1
24,680	-37,036	0,000	0,000	-0,8842	0,000	0,000	0,1
24,720	-37,036	0,000	0,000	-0,8842	0,000	0,000	0,1
24,760	-37,036	0,000	0,000	-0,8842	0,000	0,000	0,1
24,800	-37,036	0,000	0,000	-0,8842	0,000	0,000	0,0
24,840	-37,036	0,000	0,000	-0,8842	0,000	0,000	0,0
24,880	-37,036	0,000	0,000	-0,8842	0,000	0,000	0,1
24,920	-37,036	0,000	0,000	-0,8842	0,000	0,000	0,0
24,960	-37,036	0,000	0,000	-0,8842	0,000	0,000	0,1
25,000	-37,036	0,000	0,000	-0,8842	0,000	0,000	0,1
25,040	-37,036	0,000	-27,271	-0,8842	0,000	-0,651	0,1
25,080	-37,036	-2,182	-76,358	-0,8842	-0,052	-1,823	0,1
25,120	-37,210	-6,109	-76,358	-0,8883	-0,146	-1,823	0,0
25,160	-37,525	-8,290	-24,544	-0,8958	-0,198	-0,586	0,1
25,200	-37,874	-8,072	16,362	-0,9042	-0,193	0,391	0,1
25,240	-38,170	-6,981	32,725	-0,9112	-0,167	0,781	0,1
25,280	-38,432	-5,454	29,998	-0,9175	-0,130	0,716	0,1
25,320	-38,607	-4,581	2,727	-0,9217	-0,109	0,065	0,1
25,360	-38,799	-5,236	-2,727	-0,9262	-0,125	-0,065	0,1
25,400	-39,026	-4,800	2,727	-0,9317	-0,115	0,065	0,0
25,440	-39,183	-5,018	-8,181	-0,9354	-0,120	-0,195	0,1
25,480	-39,427	-5,454	1,665E-12	-0,9412	-0,130	4,909E-14	0,1
25,520	-39,619	-5,018	-2,727	-0,9458	-0,120	-0,065	0,1
25,560	-39,828	-5,672	-8,181	-0,9508	-0,135	-0,195	0,1
25,600	-40,073	-5,672	-8,181	-0,9567	-0,135	-0,195	0,1
25,640	-40,282	-6,327	-27,271	-0,9617	-0,151	-0,651	0,0
25,680	-40,579	-7,854	-13,635	-0,9687	-0,188	-0,326	0,1
25,720	-40,911	-7,418	21,817	-0,9767	-0,177	0,521	0,0
25,760	-41,172	-6,109	16,362	-0,9829	-0,146	0,391	0,0
25,800	-41,399	-6,109	-2,727	-0,9883	-0,146	-0,065	0,1
25,840	-41,661	-6,327	-8,181	-0,9946	-0,151	-0,195	0,1
25,880	-41,905	-6,763	-13,635	-1,0004	-0,161	-0,326	0,0
25,920	-42,202	-7,418	-5,454	-1,0075	-0,177	-0,130	0,0
25,960	-42,499	-7,199	-2,727	-1,0146	-0,172	-0,065	0,0
26,000	-42,778	-7,636	-10,908	-1,0213	-0,182	-0,260	0,1
26,040	-43,110	-8,072	-2,727	-1,0292	-0,193	-0,065	0,1
26,080	-43,424	-7,854	8,181	-1,0367	-0,187	0,195	0,1
26,120	-43,738	-7,418	24,544	-1,0442	-0,177	0,586	0,1
26,160	-44,017	-5,890	40,906	-1,0508	-0,141	0,977	0,1
26,200	-44,209	-4,145	27,271	-1,0554	-0,099	0,651	0,1
26,240	-44,349	-3,709	2,727	-1,0587	-0,089	0,065	0,0
26,280	-44,506	-3,927	-5,454	-1,0625	-0,094	-0,130	0,1
26,320	-44,663	-4,145	-5,454	-1,0663	-0,099	-0,130	0,1
26,360	-44,838	-4,363	2,298E-12	-1,0704	-0,104	2,030E-14	0,1
26,400	-45,012	-4,145	2,727	-1,0746	-0,099	0,065	0,1
26,440	-45,169	-4,145	-2,727	-1,0783	-0,099	-0,065	0,0
26,480	-45,344	-4,363	5,454	-1,0825	-0,104	0,130	0,0
26,520	-45,518	-3,709	10,908	-1,0867	-0,089	0,260	0,1
26,560	-45,640	-3,491	-8,181	-1,0896	-0,083	-0,195	0,1
26,600	-45,797	-4,363	-13,635	-1,0933	-0,104	-0,326	0,1
26,640	-45,989	-4,581	-10,908	-1,0979	-0,109	-0,260	0,1
26,680	-46,164	-5,236	-16,362	-1,1021	-0,125	-0,391	0,1
26,720	-46,408	-5,890	5,454	-1,1079	-0,141	0,130	0,1
26,760	-46,635	-4,800	16,362	-1,1133	-0,115	0,391	0,0
26,800	-46,792	-4,581	-5,454	-1,1171	-0,109	-0,130	0,1
26,840	-47,002	-5,236	2,727	-1,1221	-0,125	0,065	0,1
26,880	-47,211	-4,363	13,635	-1,1271	-0,104	0,326	0,1
26,920	-47,351	-4,145	-2,727	-1,1304	-0,099	-0,065	0,1
26,960	-47,543	-4,581	5,454	-1,1350	-0,109	0,130	0,1
27,000	-47,717	-3,709	10,908	-1,1392	-0,089	0,260	0,1
27,040	-47,839	-3,709	-16,362	-1,1421	-0,089	-0,391	0,1
27,080	-48,014	-5,018	-16,362	-1,1463	-0,120	-0,391	0,1
27,120	-48,241	-5,018	8,181	-1,1517	-0,120	0,195	0,1
27,160	-48,415	-4,363	10,908	-1,1558	-0,104	0,260	0,1
27,200	-48,590	-4,145	8,181	-1,1600	-0,099	0,195	0,1
27,240	-48,747	-3,709	2,727	-1,1637	-0,089	0,065	0,2
27,280	-48,887	-3,927	-5,454	-1,1671	-0,094	-0,130	0,1
27,320	-49,061	-4,145	-10,908	-1,1713	-0,099	-0,260	0,2
27,360	-49,218	-4,800	-24,544	-1,1750	-0,115	-0,586	0,1
27,400	-49,445	-6,109	-19,090	-1,1804	-0,146	-0,456	0,2
27,440	-49,707	-6,327	-5,454	-1,1867	-0,151	-0,130	0,1
27,480	-49,951	-6,545	-2,727	-1,1925	-0,156	-0,065	0,1
27,520	-50,231	-6,545	10,908	-1,1992	-0,156	0,260	0,1
27,560	-50,475	-5,672	21,817	-1,2050	-0,135	0,521	0,2
27,600	-50,684	-4,800	24,544	-1,2100	-0,115	0,586	0,2
27,640	-50,859	-3,709	29,998	-1,2142	-0,089	0,716	0,2
27,680	-50,981	-2,400	16,362	-1,2171	-0,057	0,391	0,2
27,720	-51,051	-2,400	-13,635	-1,2188	-0,057	-0,326	0,2
27,760	-51,173	-3,491	-13,635	-1,2217	-0,083	-0,326	0,2
27,800	-51,330	-3,491	-2,727	-1,2254	-0,083	-0,065	0,2
27,840	-51,452	-3,709	-19,090	-1,2283	-0,089	-0,456	0,2
27,880	-51,627	-5,018	-21,817	-1,2325	-0,120	-0,521	0,2
27,920	-51,854	-5,454	-2,727	-1,2379	-0,130	-0,065	0,2
27,960	-52,063	-5,236	2,727	-1,2429	-0,125	0,065	0,2
28,000	-52,273	-5,236	2,727	-1,2479	-0,125	0,065	0,2
28,040	-52,482	-5,018	-8,181	-1,2529	-0,120	-0,195	0,2
28,080	-52,674	-5,890	-8,181	-1,2575	-0,141	-0,195	0,2
28,120	-52,953	-5,672	19,090	-1,2642	-0,135	0,456	0,2
28,160	-53,128	-4,363	27,271	-1,2683	-0,104	0,651	0,2
28,200	-53,302	-3,491	27,271	-1,2725	-0,083	0,651	0,2
28,240	-53,407	-2,182	21,817	-1,2750	-0,052	0,521	0,2
28,280	-53,477	-1,745	-2,320E-12	-1,2767	-0,042	-2,888E-14	0,2
28,320	-53,547	-2,182	-8,181	-1,2783	-0,052	-0,195	0,2
28,360	-53,651	-2,400	2,320E-12	-1,2808	-0,057	2,888E-14	0,2
28,400	-53,739	-2,182	5,454	-1,2829	-0,052	0,130	0,2
28,440	-53,826	-1,963	-2,320E-12	-1,2850	-0,047	-2,888E-14	0,2
28,480	-53,896	-2,182	-5,454	-1,2867	-0,052	-0,130	0,2
28,520	-54,000	-2,400	5,454	-1,2892	-0,057	0,130	0,2
28,560	-54,088	-1,745	10,908	-1,2913	-0,042	0,260	0,2
28,600	-54,140	-1,527	5,454	-1,2925	-0,036	0,130	0,2
28,640	-54,210	-1,309	10,908	-1,2942	-0,031	0,260	0,2
28,680	-54,245	-0,654	10,908	-1,2950	-0,016	0,260	0,2
28,720	-54,262	-0,436	5,454	-1,2954	-0,010	0,130	0,2
28,760	-54,280	-0,218	5,454	-1,2958	-0,005	0,130	0,2
28,800	-54,280	0,000	2,727	-1,2958	0,000	0,065	0,2
28,840	-54,280	0,000	0,000	-1,2958	0,000	0,000	0,2
28,880	-54,280	0,000	0,000	-1,2958	0,000	0,000	0,2
28,920	-54,280	0,000	0,000	-1,2958	0,000	0,000	0,2
28,960	-54,280	0,000	0,000	-1,2958	0,000	0,000	0,2
29,000	-54,280	0,000	0,000	-1,2958	0,000	0,000	0,2
29,040	-54,280	0,000	0,000	-1,2958	0,000	0,000	0,3
29,080	-54,280	0,000	0,000	-1,2958	0,000	0,000	0,2
29,120	-54,280	0,000	2,727	-1,2958	0,000	0,065	0,2
29,160	-54,280	0,218	2,727	-1,2958	0,005	0,065	0,2
29,200	-54,262	0,218	-2,727	-1,2954	0,005	-0,065	0,3
29,240	-54,262	0,000	-2,727	-1,2954	0,000	-0,065	0,2
29,280	-54,262	0,000	0,000	-1,2954	0,000	0,000	0,2
29,320	-54,262	0,000	0,000	-1,2954	0,000	0,000	0,2
29,360	-54,262	0,000	2,727	-1,2954	0,000	0,065	0,2
29,400	-54,262	0,218	2,727	-1,2954	0,005	0,065	0,2
29,440	-54,245	0,218	-2,727	-1,2950	0,005	-0,065	0,2
29,480	-54,245	0,000	16,362	-1,2950	0,000	0,391	0,2
29,520	-54,245	1,527	49,087	-1,2950	0,036	1,172	0,3
29,560	-54,123	3,927	59,996	-1,2921	0,094	1,432	0,2
29,600	-53,931	6,327	68,177	-1,2875	0,151	1,628	0,2
29,640	-53,617	9,381	62,723	-1,2800	0,224	1,497	0,2
29,680	-53,180	11,345	21,817	-1,2696	0,271	0,521	0,2
29,720	-52,709	11,126	-5,454	-1,2583	0,266	-0,130	0,2
29,760	-52,290	10,908	-10,908	-1,2483	0,260	-0,260	0,3
29,800	-51,836	10,254	-38,179	-1,2375	0,245	-0,911	0,2
29,840	-51,470	7,854	-40,906	-1,2288	0,188	-0,977	0,2
29,880	-51,208	6,981	-4,352E-12	-1,2225	0,167	-1,041E-13	0,2
29,920	-50,911	7,854	16,362	-1,2154	0,187	0,391	0,2
29,960	-50,580	8,290	-13,635	-1,2075	0,198	-0,326	0,2
30,000	-50,248	6,763	-43,633	-1,1996	0,161	-1,042	0,2
30,040	-50,039	4,800	-29,998	-1,1946	0,115	-0,716	0,2
30,080	-49,864	4,363	-13,635	-1,1904	0,104	-0,326	0,2
30,120	-49,690	3,709	-2,727	-1,1863	0,089	-0,065	0,2
30,160	-49,567	4,145	38,179	-1,1833	0,099	0,911	0,2
30,200	-49,358	6,763	54,542	-1,1783	0,161	1,302	0,2
30,240	-49,026	8,508	24,544	-1,1704	0,203	0,586	0,2
30,280	-48,677	8,727	2,727	-1,1621	0,208	0,065	0,2
30,320	-48,328	8,727	-8,181	-1,1537	0,208	-0,195	0,1
30,360	-47,979	8,072	-21,817	-1,1454	0,193	-0,521	0,2
30,400	-47,682	6,981	-8,181	-1,1383	0,167	-0,195	0,2
30,440	-47,421	7,418	24,544	-1,1321	0,177	0,586	0,2
30,480	-47,089	8,945	24,544	-1,1242	0,214	0,586	0,2
30,520	-46,705	9,381	8,181	-1,1150	0,224	0,195	0,2
30,560	-46,338	9,599	8,181	-1,1063	0,229	0,195	0,2
30,600	-45,937	10,036	8,181	-1,0967	0,240	0,195	0,1
30,640	-45,536	10,254	10,908	-1,0871	0,245	0,260	0,2
30,680	-45,117	10,908	27,271	-1,0771	0,260	0,651	0,1
30,720	-44,663	12,435	32,725	-1,0663	0,297	0,781	0,1
30,760	-44,122	13,526	16,362	-1,0533	0,323	0,391	0,2
30,800	-43,581	13,744	7,505E-12	-1,0404	0,328	1,790E-13	0,2
30,840	-43,022	13,526	-10,908	-1,0271	0,323	-0,260	0,2
30,880	-42,499	12,872	-5,454	-1,0146	0,307	-0,130	0,1
30,920	-41,993	13,090	-5,454	-1,0025	0,312	-0,130	0,1
30,960	-41,452	12,435	-24,544	-0,9896	0,297	-0,586	0,2
31,000	-40,998	11,126	-21,817	-0,9787	0,266	-0,521	0,2
31,040	-40,561	10,690	-13,635	-0,9683	0,255	-0,326	0,1
31,080	-40,143	10,036	-21,817	-0,9583	0,240	-0,521	0,2
31,120	-39,759	8,945	-19,090	-0,9492	0,214	-0,456	0,2
31,160	-39,427	8,508	-5,454	-0,9412	0,203	-0,130	0,1
31,200	-39,078	8,508	-10,908	-0,9329	0,203	-0,260	0,2
31,240	-38,746	7,636	-13,635	-0,9250	0,182	-0,326	0,1
31,280	-38,467	7,418	16,362	-0,9183	0,177	0,391	0,1
31,320	-38,153	8,945	38,179	-0,9108	0,214	0,911	0,1
31,360	-37,751	10,472	32,725	-0,9012	0,250	0,781	0,2
31,400	-37,315	11,563	19,090	-0,8908	0,276	0,456	0,2
31,440	-36,826	11,999	2,727	-0,8792	0,286	0,065	0,2
31,480	-36,355	11,781	-2,727	-0,8679	0,281	-0,065	0,1
31,520	-35,884	11,781	-2,727	-0,8567	0,281	-0,065	0,2
31,560	-35,413	11,563	-13,635	-0,8454	0,276	-0,326	0,1
31,600	-34,959	10,690	-24,544	-0,8346	0,255	-0,586	0,2
31,640	-34,558	9,599	-16,362	-0,8250	0,229	-0,391	0,2
31,680	-34,191	9,381	-5,454	-0,8162	0,224	-0,130	0,5
31,720	-33,807	9,163	-8,181	-0,8071	0,219	-0,195	0,8
31,760	-33,458	8,727	-10,908	-0,7987	0,208	-0,260	0,5
31,800	-33,109	8,290	-19,090	-0,7904	0,198	-0,456	0,2
31,840	-32,795	7,199	-21,817	-0,7829	0,172	-0,521	0,2
31,880	-32,533	6,545	-19,090	-0,7767	0,156	-0,456	0,2
31,920	-32,271	5,672	-21,817	-0,7704	0,135	-0,521	0,2
31,960	-32,079	4,800	-8,181	-0,7658	0,115	-0,195	0,2
32,000	-31,887	5,018	-5,551E-13	-0,7612	0,120	0,000	0,3
32,040	-31,678	4,800	-13,635	-0,7562	0,115	-0,326	0,5
32,080	-31,503	3,927	-21,817	-0,7521	0,094	-0,521	0,9
32,120	-31,364	3,054	-19,090	-0,7487	0,073	-0,456	1,3
32,160	-31,259	2,400	-13,635	-0,7462	0,057	-0,326	1,4
32,200	-31,172	1,963	-8,181	-0,7442	0,047	-0,195	1,2
32,240	-31,102	1,745	-5,454	-0,7425	0,042	-0,130	1,0
32,280	-31,032	1,527	-10,908	-0,7408	0,036	-0,260	0,8
32,320	-30,980	0,873	-13,635	-0,7396	0,021	-0,326	0,6
32,360	-30,962	0,436	-8,181	-0,7392	0,010	-0,195	0,5
32,400	-30,945	0,218	-5,454	-0,7387	0,005	-0,130	0,3
32,440	-30,945	0,000	-2,727	-0,7387	0,000	-0,065	0,3
32,480	-30,945	0,000	0,000	-0,7387	0,000	0,000	0,4
32,520	-30,945	0,000	0,000	-0,7387	0,000	0,000	0,3
32,560	-30,945	0,000	0,000	-0,7387	0,000	0,000	0,4
32,600	-30,945	0,000	0,000	-0,7387	0,000	0,000	0,3
32,640	-30,945	0,000	0,000	-0,7387	0,000	0,000	0,3
32,680	-30,945	0,000	0,000	-0,7387	0,000	0,000	0,3
32,720	-30,945	0,000	0,000	-0,7387	0,000	0,000	0,4
32,760	-30,945	0,000	0,000	-0,7387	0,000	0,000	0,4
32,800	-30,945	0,000	0,000	-0,7387	0,000	0,000	0,4
32,840	-30,945	0,000	0,000	-0,7387	0,000	0,000	0,4
32,880	-30,945	0,000	0,000	-0,7387	0,000	0,000	0,4
32,920	-30,945	0,000	0,000	-0,7387	0,000	0,000	0,4
32,960	-30,945	0,000	0,000	-0,7387	0,000	0,000	0,4
33,000	-30,945	0,000	0,000	-0,7387	0,000	0,000	0,4
33,040	-30,945	0,000	0,000	-0,7387	0,000	0,000	0,4
33,080	-30,945	0,000	0,000	-0,7387	0,000	0,000	0,4
33,120	-30,945	0,000	0,000	-0,7387	0,000	0,000	0,4
33,160	-30,945	0,000	0,000	-0,7387	0,000	0,000	0,4
33,200	-30,945	0,000	0,000	-0,7387	0,000	0,000	0,4
33,240	-30,945	0,000	0,000	-0,7387	0,000	0,000	0,4
33,280	-30,945	0,000	0,000	-0,7387	0,000	0,000	0,4
33,320	-30,945	0,000	0,000	-0,7387	0,000	0,000	0,4
33,360	-30,945	0,000	0,000	-0,7387	0,000	0,000	0,4
33,400	-30,945	0,000	0,000	-0,7387	0,000	0,000	0,4
33,440	-30,945	0,000	0,000	-0,7387	0,000	0,000	0,4
33,480	-30,945	0,000	0,000	-0,7387	0,000	0,000	0,4
33,520	-30,945	0,000	0,000	-0,7387	0,000	0,000	0,3
33,560	-30,945	0,000	0,000	-0,7387	0,000	0,000	0,3
33,600	-30,945	0,000	0,000	-0,7387	0,000	0,000	0,3
33,640	-30,945	0,000	0,000	-0,7387	0,000	0,000	0,3
33,680	-30,945	0,000	0,000	-0,7387	0,000	0,000	0,3
33,720	-30,945	0,000	0,000	-0,7387	0,000	0,000	0,3
33,760	-30,945	0,000	0,000	-0,7387	0,000	0,000	0,3
33,800	-30,945	0,000	2,727	-0,7387	0,000	0,065	0,4
33,840	-30,945	0,218	10,908	-0,7387	0,005	0,260	0,3
33,880	-30,927	0,873	19,090	-0,7383	0,021	0,456	0,3
33,920	-30,875	1,745	19,090	-0,7371	0,042	0,456	0,3
33,960	-30,788	2,400	8,181	-0,7350	0,057	0,195	0,3
34,000	-30,683	2,400	5,551E-13	-0,7325	0,057	-1,735E-14	0,3
34,040	-30,596	2,400	0,000	-0,7304	0,057	-1,735E-14	0,3
34,080	-30,491	2,400	-5,454	-0,7279	0,057	-0,130	0,3
34,120	-30,404	1,963	-13,635	-0,7258	0,047	-0,326	0,2
34,160	-30,334	1,309	-10,908	-0,7242	0,031	-0,260	0,2
34,200	-30,299	1,091	-2,727	-0,7233	0,026	-0,065	0,2
34,240	-30,247	1,091	-2,727	-0,7221	0,026	-0,065	0,3
34,280	-30,212	0,873	0,000	-0,7212	0,021	0,000	0,2
34,320	-30,177	1,091	8,181	-0,7204	0,026	0,195	0,2
34,360	-30,124	1,527	5,454	-0,7192	0,036	0,130	0,2
34,400	-30,055	1,527	-2,727	-0,7175	0,036	-0,065	0,3
34,440	-30,002	1,309	-5,454	-0,7162	0,031	-0,130	0,2
34,480	-29,950	1,091	-5,454	-0,7150	0,026	-0,130	0,3
34,520	-29,915	0,873	-5,454	-0,7142	0,021	-0,130	0,3
34,560	-29,880	0,654	-5,454	-0,7133	0,016	-0,130	0,2
34,600	-29,863	0,436	-5,454	-0,7129	0,010	-0,130	0,3
34,640	-29,845	0,218	0,000	-0,7125	0,005	-1,735E-14	0,3
34,680	-29,845	0,436	8,181	-0,7125	0,010	0,195	0,2
34,720	-29,810	0,873	5,454	-0,7117	0,021	0,130	0,2
34,760	-29,775	0,873	-4,149E-13	-0,7108	0,021	-5,768E-15	0,2
34,800	-29,740	0,873	2,727	-0,7100	0,021	0,065	0,2
34,840	-29,705	1,091	5,454	-0,7092	0,026	0,130	0,3
34,880	-29,653	1,309	2,727	-0,7079	0,031	0,065	0,2
34,920	-29,601	1,309	5,454	-0,7067	0,031	0,130	0,2
34,960	-29,548	1,745	5,454	-0,7054	0,042	0,130	0,2
35,000	-29,461	1,745	-2,727	-0,7033	0,042	-0,065	0,2
35,040	-29,409	1,527	2,727	-0,7021	0,036	0,065	0,2
35,080	-29,339	1,963	8,181	-0,7004	0,047	0,195	0,3
35,120	-29,252	2,182	2,727	-0,6983	0,052	0,065	0,2
35,160	-29,164	2,182	1,871E-12	-0,6962	0,052	5,785E-14	0,2
35,200	-29,077	2,182	-2,727	-0,6942	0,052	-0,065	0,2
35,240	-28,990	1,963	-5,454	-0,6921	0,047	-0,130	0,2
35,280	-28,920	1,745	2,727	-0,6904	0,042	0,065	0,2
35,320	-28,850	2,182	10,908	-0,6887	0,052	0,260	0,2
35,360	-28,746	2,618	5,551E-13	-0,6862	0,063	0,000	0,3
35,400	-28,641	2,182	-8,181	-0,6837	0,052	-0,195	0,2
35,440	-28,571	1,963	13,635	-0,6821	0,047	0,326	0,2
35,480	-28,484	3,272	24,544	-0,6800	0,078	0,586	0,2
35,520	-28,309	3,927	2,727	-0,6758	0,094	0,065	0,2
35,560	-28,170	3,491	-5,454	-0,6725	0,083	-0,130	0,2
35,600	-28,030	3,491	-5,454	-0,6692	0,083	-0,130	0,2
35,640	-27,890	3,054	-2,727	-0,6658	0,073	-0,065	0,2
35,680	-27,786	3,272	8,181	-0,6633	0,078	0,195	0,2
35,720	-27,629	3,709	5,454	-0,6596	0,089	0,130	0,3
35,760	-27,489	3,709	5,454	-0,6562	0,089	0,130	0,2
35,800	-27,332	4,145	5,454	-0,6525	0,099	0,130	0,3
35,840	-27,157	4,145	-2,727	-0,6483	0,099	-0,065	0,3
35,880	-27,000	3,927	-2,727	-0,6446	0,094	-0,065	0,3
35,920	-26,843	3,927	0,000	-0,6408	0,094	-1,735E-14	0,3
35,960	-26,686	3,927	5,454	-0,6371	0,094	0,130	0,4
36,000	-26,529	4,363	8,181	-0,6333	0,104	0,195	0,7
36,040	-26,337	4,581	5,551E-13	-0,6287	0,109	-1,735E-14	1,3
36,080	-26,162	4,363	-2,727	-0,6246	0,104	-0,065	2,1
36,120	-25,988	4,363	2,727	-0,6204	0,104	0,065	2,9
36,160	-25,813	4,581	2,727	-0,6162	0,109	0,065	3,3
36,200	-25,621	4,581	-8,181	-0,6117	0,109	-0,195	2,8
36,240	-25,447	3,927	-13,635	-0,6075	0,094	-0,326	1,9
36,280	-25,307	3,491	-10,908	-0,6042	0,083	-0,260	1,0
36,320	-25,168	3,054	-8,181	-0,6008	0,073	-0,195	0,5
36,360	-25,063	2,836	2,727	-0,5983	0,068	0,065	0,4
36,400	-24,941	3,272	8,181	-0,5954	0,078	0,195	0,4
36,440	-24,801	3,491	8,181	-0,5921	0,083	0,195	0,3
36,480	-24,661	3,927	10,908	-0,5887	0,094	0,260	0,2
36,520	-24,487	4,363	8,181	-0,5846	0,104	0,195	0,3
36,560	-24,312	4,581	8,181	-0,5804	0,109	0,195	0,3
36,600	-24,120	5,018	8,181	-0,5758	0,120	0,195	0,3
36,640	-23,911	5,236	2,727	-0,5708	0,125	0,065	0,3
36,680	-23,702	5,236	-5,454	-0,5658	0,125	-0,130	0,3
36,720	-23,492	4,800	-10,908	-0,5608	0,115	-0,260	0,3
36,760	-23,318	4,363	-10,908	-0,5567	0,104	-0,260	0,2
36,800	-23,143	3,927	-16,362	-0,5525	0,094	-0,391	0,3
36,840	-23,003	3,054	-19,090	-0,5492	0,073	-0,456	0,3
36,880	-22,899	2,400	-10,908	-0,5467	0,057	-0,260	0,3
36,920	-22,811	2,182	0,000	-0,5446	0,052	1,735E-14	0,3
36,960	-22,724	2,400	5,454	-0,5425	0,057	0,130	0,3
37,000	-22,619	2,618	5,454	-0,5400	0,063	0,130	0,2
37,040	-22,515	2,836	5,454	-0,5375	0,068	0,130	0,3
37,080	-22,393	3,054	-2,727	-0,5346	0,073	-0,065	0,2
37,120	-22,270	2,618	-8,181	-0,5317	0,062	-0,195	0,2
37,160	-22,183	2,400	-2,727	-0,5296	0,057	-0,065	0,2
37,200	-22,078	2,400	-8,181	-0,5271	0,057	-0,195	0,2
37,240	-21,991	1,745	-10,908	-0,5250	0,042	-0,260	0,3
37,280	-21,939	1,527	2,727	-0,5237	0,036	0,065	0,3
37,320	-21,869	1,963	2,727	-0,5221	0,047	0,065	0,3
37,360	-21,782	1,745	-8,181	-0,5200	0,042	-0,195	0,3
37,400	-21,729	1,309	-2,727	-0,5187	0,031	-0,065	0,2
37,440	-21,677	1,527	5,454	-0,5175	0,036	0,130	0,2
37,480	-21,607	1,745	2,727	-0,5158	0,042	0,065	0,2
37,520	-21,537	1,745	2,727	-0,5142	0,042	0,065	0,2
37,560	-21,468	1,963	2,727	-0,5125	0,047	0,065	0,2
37,600	-21,380	1,963	2,727	-0,5104	0,047	0,065	0,3
37,640	-21,310	2,182	5,454	-0,5087	0,052	0,130	0,3
37,680	-21,206	2,400	0,000	-0,5062	0,057	0,000	0,2
37,720	-21,118	2,182	-2,727	-0,5042	0,052	-0,065	0,2
37,760	-21,031	2,182	2,727	-0,5021	0,052	0,065	0,3
37,800	-20,944	2,400	2,727	-0,5000	0,057	0,065	0,3
37,840	-20,839	2,400	2,109E-12	-0,4975	0,057	5,490E-14	0,2
37,880	-20,752	2,400	5,551E-13	-0,4954	0,057	0,000	0,3
37,920	-20,647	2,400	5,551E-13	-0,4929	0,057	0,000	0,3
37,960	-20,560	2,400	-5,551E-13	-0,4908	0,057	0,000	0,3
38,000	-20,455	2,400	-5,454	-0,4883	0,057	-0,130	0,3
38,040	-20,368	1,963	-5,454	-0,4862	0,047	-0,130	0,2
38,080	-20,298	1,963	5,454	-0,4846	0,047	0,130	0,2
38,120	-20,211	2,400	8,181	-0,4825	0,057	0,195	0,2
38,160	-20,106	2,618	5,454	-0,4800	0,062	0,130	0,3
38,200	-20,001	2,836	5,454	-0,4775	0,068	0,130	0,3
38,240	-19,879	3,054	2,727	-0,4746	0,073	0,065	0,3
38,280	-19,757	3,054	2,727	-0,4717	0,073	0,065	0,3
38,320	-19,635	3,272	2,727	-0,4687	0,078	0,065	0,3
38,360	-19,495	3,272	-2,727	-0,4654	0,078	-0,065	0,2
38,400	-19,373	3,054	-2,727	-0,4625	0,073	-0,065	0,3
38,440	-19,251	3,054	-2,727	-0,4596	0,073	-0,065	0,3
38,480	-19,129	2,836	-8,181	-0,4567	0,068	-0,195	0,3
38,520	-19,024	2,400	-13,635	-0,4542	0,057	-0,326	0,4
38,560	-18,937	1,745	-10,908	-0,4521	0,042	-0,260	0,5
38,600	-18,884	1,527	-2,727	-0,4508	0,036	-0,065	0,5
38,640	-18,815	1,527	-5,454	-0,4492	0,036	-0,130	0,5
38,680	-18,762	1,091	-5,454	-0,4479	0,026	-0,130	0,5
38,720	-18,727	1,091	-2,727	-0,4471	0,026	-0,065	0,4
38,760	-18,675	0,873	-8,181	-0,4458	0,021	-0,195	0,4
38,800	-18,658	0,436	-8,181	-0,4454	0,010	-0,195	0,4
38,840	-18,640	0,218	-2,727	-0,4450	0,005	-0,065	0,4
38,880	-18,640	0,218	-5,551E-13	-0,4450	0,005	-8,674E-15	0,4
38,920	-18,623	0,218	-2,727	-0,4446	0,005	-0,065	0,4
38,960	-18,623	0,000	-2,727	-0,4446	0,000	-0,065	0,4
39,000	-18,623	0,000	0,000	-0,4446	0,000	0,000	0,3
39,040	-18,623	0,000	0,000	-0,4446	0,000	0,000	0,3
39,080	-18,623	0,000	0,000	-0,4446	0,000	0,000	0,3
39,120	-18,623	0,000	0,000	-0,4446	0,000	0,000	0,3
39,160	-18,623	0,000	0,000	-0,4446	0,000	0,000	0,4
39,200	-18,623	0,000	-2,727	-0,4446	0,000	-0,065	0,3
39,240	-18,623	-0,218	-2,727	-0,4446	-0,005	-0,065	0,4
39,280	-18,640	-0,218	2,727	-0,4450	-0,005	0,065	0,4
39,320	-18,640	0,000	2,727	-0,4450	0,000	0,065	0,4
39,360	-18,640	0,000	0,000	-0,4450	0,000	0,000	0,4
39,400	-18,640	0,000	0,000	-0,4450	0,000	0,000	0,4
39,440	-18,640	0,000	0,000	-0,4450	0,000	0,000	0,4
39,480	-18,640	0,000	0,000	-0,4450	0,000	0,000	0,4
39,520	-18,640	0,000	-2,727	-0,4450	0,000	-0,065	0,4
39,560	-18,640	-0,218	-2,727	-0,4450	-0,005	-0,065	0,4
39,600	-18,658	-0,218	2,727	-0,4454	-0,005	0,065	0,4
39,640	-18,658	0,000	2,727	-0,4454	0,000	0,065	0,5
39,680	-18,658	0,000	0,000	-0,4454	0,000	0,000	0,5
39,720	-18,658	0,000	0,000	-0,4454	0,000	0,000	0,5
39,760	-18,658	0,000	0,000	-0,4454	0,000	0,000	0,4
39,800	-18,658	0,000	0,000	-0,4454	0,000	0,000	0,4
39,840	-18,658	0,000	0,000	-0,4454	0,000	0,000	0,3
39,880	-18,658	0,000	0,000	-0,4454	0,000	0,000	0,3
39,920	-18,658	0,000	-2,727	-0,4454	0,000	-0,065	0,3
39,960	-18,658	-0,218	-2,727	-0,4454	-0,005	-0,065	0,4
40,000	-18,675	-0,218	2,727	-0,4458	-0,005	0,065	0,3
40,040	-18,675	0,000	2,727	-0,4458	0,000	0,065	0,3
40,080	-18,675	0,000	0,000	-0,4458	0,000	0,000	0,3
40,120	-18,675	0,000	0,000	-0,4458	0,000	0,000	0,3
40,160	-18,675	0,000	0,000	-0,4458	0,000	0,000	0,3
40,200	-18,675	0,000	0,000	-0,4458	0,000	0,000	0,3
40,240	-18,675	0,000	-2,727	-0,4458	0,000	-0,065	0,3
40,280	-18,675	-0,218	-5,454	-0,4458	-0,005	-0,130	0,3
40,320	-18,692	-0,436	-29,998	-0,4463	-0,010	-0,716	0,3
40,360	-18,710	-2,618	-57,269	-0,4467	-0,063	-1,367	0,3
40,400	-18,902	-5,018	-29,998	-0,4512	-0,120	-0,716	0,3
40,440	-19,111	-5,018	8,181	-0,4562	-0,120	0,195	0,3
40,480	-19,303	-4,363	19,090	-0,4608	-0,104	0,456	0,2
40,520	-19,460	-3,491	27,271	-0,4646	-0,083	0,651	0,2
40,560	-19,583	-2,182	24,544	-0,4675	-0,052	0,586	0,2
40,600	-19,635	-1,527	8,181	-0,4687	-0,036	0,195	0,2
40,640	-19,705	-1,527	2,727	-0,4704	-0,036	0,065	0,2
40,680	-19,757	-1,309	-2,727	-0,4717	-0,031	-0,065	0,2
40,720	-19,809	-1,745	-8,181	-0,4729	-0,042	-0,195	0,2
40,760	-19,897	-1,963	2,495E-12	-0,4750	-0,047	5,490E-14	0,2
40,800	-19,967	-1,745	2,727	-0,4767	-0,042	0,065	0,2
40,840	-20,036	-1,745	-2,727	-0,4783	-0,042	-0,065	0,2
40,880	-20,106	-1,963	-2,727	-0,4800	-0,047	-0,065	0,2
40,920	-20,193	-1,963	2,727	-0,4821	-0,047	0,065	0,2
40,960	-20,263	-1,745	-2,727	-0,4837	-0,042	-0,065	0,2
41,000	-20,333	-2,182	-8,181	-0,4854	-0,052	-0,195	0,2
41,040	-20,438	-2,400	0,000	-0,4879	-0,057	-8,674E-15	0,2
41,080	-20,525	-2,182	2,727	-0,4900	-0,052	0,065	0,2
41,120	-20,612	-2,182	2,426E-12	-0,4921	-0,052	6,653E-14	0,2
41,160	-20,700	-2,182	-2,727	-0,4942	-0,052	-0,065	0,2
41,200	-20,787	-2,400	-5,454	-0,4962	-0,057	-0,130	0,1
41,240	-20,892	-2,618	-2,727	-0,4987	-0,063	-0,065	0,2
41,280	-20,996	-2,618	0,000	-0,5012	-0,063	0,000	0,1
41,320	-21,101	-2,618	-5,454	-0,5037	-0,063	-0,130	0,2
41,360	-21,206	-3,054	-2,727	-0,5062	-0,073	-0,065	0,2
41,400	-21,345	-2,836	10,908	-0,5096	-0,068	0,260	0,2
41,440	-21,433	-2,182	8,181	-0,5117	-0,052	0,195	0,1
41,480	-21,520	-2,182	-2,727	-0,5137	-0,052	-0,065	0,2
41,520	-21,607	-2,400	-2,727	-0,5158	-0,057	-0,065	0,1
41,560	-21,712	-2,400	5,551E-13	-0,5183	-0,057	1,735E-14	0,1
41,600	-21,799	-2,400	-2,727	-0,5204	-0,057	-0,065	0,1
41,640	-21,904	-2,618	5,454	-0,5229	-0,063	0,130	0,1
41,680	-22,009	-1,963	10,908	-0,5254	-0,047	0,260	0,1
41,720	-22,061	-1,745	2,179E-12	-0,5267	-0,042	5,204E-14	0,2
41,760	-22,148	-1,963	2,495E-12	-0,5287	-0,047	2,888E-14	0,2
41,800	-22,218	-1,745	2,727	-0,5304	-0,042	0,065	0,1
41,840	-22,288	-1,745	2,727	-0,5321	-0,042	0,065	0,1
41,880	-22,358	-1,527	5,454	-0,5337	-0,036	0,130	0,1
41,920	-22,410	-1,309	5,551E-13	-0,5350	-0,031	-1,735E-14	0,2
41,960	-22,462	-1,527	-5,454	-0,5362	-0,036	-0,130	0,1
42,000	-22,532	-1,745	-2,727	-0,5379	-0,042	-0,065	0,1
42,040	-22,602	-1,745	-2,727	-0,5396	-0,042	-0,065	0,2
42,080	-22,672	-1,963	-2,727	-0,5413	-0,047	-0,065	0,1
42,120	-22,759	-1,963	2,727	-0,5433	-0,047	0,065	0,2
42,160	-22,829	-1,745	2,727	-0,5450	-0,042	0,065	0,1
42,200	-22,899	-1,745	-1,385E-12	-0,5467	-0,042	-4,623E-14	0,1
42,240	-22,969	-1,745	0,000	-0,5483	-0,042	1,735E-14	0,1
42,280	-23,038	-1,745	-5,551E-13	-0,5500	-0,042	-1,735E-14	0,1
42,320	-23,108	-1,745	5,454	-0,5517	-0,042	0,130	0,1
42,360	-23,178	-1,309	8,181	-0,5533	-0,031	0,195	0,1
42,400	-23,213	-1,091	2,010E-12	-0,5542	-0,026	1,735E-14	0,1
42,440	-23,265	-1,309	-2,727	-0,5554	-0,031	-0,065	0,1
42,480	-23,318	-1,309	-2,010E-12	-0,5567	-0,031	-1,735E-14	0,1
42,520	-23,370	-1,309	-2,727	-0,5579	-0,031	-0,065	0,2
42,560	-23,422	-1,527	-2,727	-0,5592	-0,036	-0,065	0,1
42,600	-23,492	-1,527	2,727	-0,5608	-0,036	0,065	0,1
42,640	-23,544	-1,309	2,727	-0,5621	-0,031	0,065	0,1
42,680	-23,597	-1,309	2,727	-0,5633	-0,031	0,065	0,1
42,720	-23,649	-1,091	2,727	-0,5646	-0,026	0,065	0,1
42,760	-23,684	-1,091	6,578E-13	-0,5654	-0,026	4,627E-14	0,2
42,800	-23,736	-1,091	-1,768E-12	-0,5667	-0,026	-2,893E-14	0,1
42,840	-23,771	-1,091	-1,213E-12	-0,5675	-0,026	-2,893E-14	0,1
42,880	-23,824	-1,091	0,000	-0,5687	-0,026	0,000	0,2
42,920	-23,859	-1,091	-5,454	-0,5696	-0,026	-0,130	0,1
42,960	-23,911	-1,527	-8,181	-0,5708	-0,036	-0,195	0,1
43,000	-23,981	-1,745	-2,727	-0,5725	-0,042	-0,065	0,1
43,040	-24,051	-1,745	2,727	-0,5742	-0,042	0,065	0,1
43,080	-24,120	-1,527	2,727	-0,5758	-0,036	0,065	0,1
43,120	-24,173	-1,527	1,141E-12	-0,5771	-0,036	4,051E-14	0,2
43,160	-24,243	-1,527	-2,727	-0,5788	-0,036	-0,065	0,1
43,200	-24,295	-1,745	-5,454	-0,5800	-0,042	-0,130	0,1
43,240	-24,382	-1,963	-5,551E-13	-0,5821	-0,047	0,000	0,1
43,280	-24,452	-1,745	5,454	-0,5838	-0,042	0,130	0,2
43,320	-24,522	-1,527	0,000	-0,5854	-0,036	-1,735E-14	0,1
43,360	-24,574	-1,745	-8,181	-0,5867	-0,042	-0,195	0,2
43,400	-24,661	-2,182	-2,727	-0,5887	-0,052	-0,065	0,2
43,440	-24,749	-1,963	8,181	-0,5908	-0,047	0,195	0,2
43,480	-24,819	-1,527	8,181	-0,5925	-0,036	0,195	0,2
43,520	-24,871	-1,309	5,454	-0,5937	-0,031	0,130	0,3
43,560	-24,923	-1,091	8,181	-0,5950	-0,026	0,195	0,5
43,600	-24,958	-0,654	5,454	-0,5958	-0,016	0,130	0,7
43,640	-24,976	-0,654	-2,727	-0,5962	-0,016	-0,065	0,9
43,680	-25,011	-0,873	0,000	-0,5971	-0,021	0,000	1,0
43,720	-25,045	-0,654	2,727	-0,5979	-0,016	0,065	1,2
43,760	-25,063	-0,654	-2,727	-0,5983	-0,016	-0,065	1,3
43,800	-25,098	-0,873	-2,727	-0,5992	-0,021	-0,065	1,5
43,840	-25,133	-0,873	-1,525E-12	-0,6000	-0,021	-5,768E-15	1,6
43,880	-25,168	-0,873	0,000	-0,6008	-0,021	1,735E-14	1,8
43,920	-25,203	-0,873	5,551E-13	-0,6017	-0,021	-1,735E-14	1,9
43,960	-25,237	-0,873	-2,727	-0,6025	-0,021	-0,065	2,1
44,000	-25,272	-1,091	-8,181	-0,6033	-0,026	-0,195	2,1
44,040	-25,325	-1,527	-5,454	-0,6046	-0,036	-0,130	2,2
44,080	-25,395	-1,527	1,696E-12	-0,6062	-0,036	4,051E-14	2,4
44,120	-25,447	-1,527	2,727	-0,6075	-0,036	0,065	2,4
44,160	-25,517	-1,309	5,454	-0,6092	-0,031	0,130	2,6
44,200	-25,552	-1,091	-1,454E-12	-0,6100	-0,026	-1,735E-14	2,6
44,240	-25,604	-1,309	0,000	-0,6112	-0,031	0,000	2,4
44,280	-25,656	-1,091	5,454	-0,6125	-0,026	0,130	2,3
44,320	-25,691	-0,873	2,727	-0,6133	-0,021	0,065	2,2
44,360	-25,726	-0,873	-5,551E-13	-0,6142	-0,021	0,000	2,1
44,400	-25,761	-0,873	9,701E-13	-0,6150	-0,021	4,046E-14	1,9
44,440	-25,796	-0,873	-5,454	-0,6158	-0,021	-0,130	1,7
44,480	-25,831	-1,309	-10,908	-0,6167	-0,031	-0,260	1,6
44,520	-25,901	-1,745	-2,727	-0,6183	-0,042	-0,065	1,4
44,560	-25,970	-1,527	5,454	-0,6200	-0,036	0,130	1,2
44,600	-26,023	-1,309	0,000	-0,6212	-0,031	0,000	1,0
44,640	-26,075	-1,527	-2,727	-0,6225	-0,036	-0,065	0,8
44,680	-26,145	-1,527	5,454	-0,6242	-0,036	0,130	0,5
44,720	-26,197	-1,091	10,908	-0,6254	-0,026	0,260	0,4
44,760	-26,232	-0,654	8,181	-0,6262	-0,016	0,195	0,3
44,800	-26,250	-0,436	-7,272E-13	-0,6267	-0,010	-3,469E-14	0,2
44,840	-26,267	-0,654	-2,727	-0,6271	-0,016	-0,065	0,2
44,880	-26,302	-0,654	2,727	-0,6279	-0,016	0,065	0,2
44,920	-26,320	-0,436	5,454	-0,6283	-0,010	0,130	0,2
44,960	-26,337	-0,218	2,727	-0,6287	-0,005	0,065	0,1
45,000	-26,337	-0,218	-2,727	-0,6287	-0,005	-0,065	0,2
45,040	-26,354	-0,436	-2,727	-0,6292	-0,010	-0,065	0,1
45,080	-26,372	-0,436	2,727	-0,6296	-0,010	0,065	0,1
45,120	-26,389	-0,218	2,727	-0,6300	-0,005	0,065	0,1
45,160	-26,389	-0,218	-2,727	-0,6300	-0,005	-0,065	0,1
45,200	-26,407	-0,436	-2,425E-13	-0,6304	-0,010	-5,779E-15	0,1
45,240	-26,424	-0,218	2,727	-0,6308	-0,005	0,065	0,1
45,280	-26,424	-0,218	-2,727	-0,6308	-0,005	-0,065	0,1
45,320	-26,442	-0,436	-2,727	-0,6312	-0,010	-0,065	0,1
45,360	-26,459	-0,436	-2,727	-0,6317	-0,010	-0,065	0,1
45,400	-26,477	-0,654	-5,454	-0,6321	-0,016	-0,130	0,1
45,440	-26,512	-0,873	-2,727	-0,6329	-0,021	-0,065	0,1
45,480	-26,546	-0,873	-4,149E-13	-0,6337	-0,021	-4,046E-14	0,1
45,520	-26,581	-0,873	2,727	-0,6346	-0,021	0,065	0,1
45,560	-26,616	-0,654	5,454	-0,6354	-0,016	0,130	0,1
45,600	-26,634	-0,436	2,727	-0,6358	-0,010	0,065	0,1
45,640	-26,651	-0,436	-2,727	-0,6362	-0,010	-0,065	0,1
45,680	-26,669	-0,654	-2,727	-0,6367	-0,016	-0,065	0,1
45,720	-26,704	-0,654	2,727	-0,6375	-0,016	0,065	0,1
45,760	-26,721	-0,436	2,727	-0,6379	-0,010	0,065	0,1
45,800	-26,738	-0,436	-2,727	-0,6383	-0,010	-0,065	0,1
45,840	-26,756	-0,654	-2,727	-0,6387	-0,016	-0,065	0,1
45,880	-26,791	-0,654	2,727	-0,6396	-0,016	0,065	0,0
45,920	-26,808	-0,436	2,727	-0,6400	-0,010	0,065	0,1
45,960	-26,826	-0,436	5,551E-13	-0,6404	-0,010	0,000	0,1
46,000	-26,843	-0,436	-5,454	-0,6408	-0,010	-0,130	0,1
46,040	-26,861	-0,873	-10,908	-0,6413	-0,021	-0,260	0,1
46,080	-26,913	-1,309	-2,727	-0,6425	-0,031	-0,065	0,1
46,120	-26,965	-1,091	5,454	-0,6437	-0,026	0,130	0,1
46,160	-27,000	-0,873	2,727	-0,6446	-0,021	0,065	0,1
46,200	-27,035	-0,873	-4,149E-13	-0,6454	-0,021	-2,312E-14	0,0
46,240	-27,070	-0,873	2,727	-0,6463	-0,021	0,065	0,1
46,280	-27,105	-0,654	5,454	-0,6471	-0,016	0,130	0,1
46,320	-27,122	-0,436	2,727	-0,6475	-0,010	0,065	0,1
46,360	-27,140	-0,436	5,551E-13	-0,6479	-0,010	-1,735E-14	0,1
46,400	-27,157	-0,436	4,850E-13	-0,6483	-0,010	1,156E-14	0,1
46,440	-27,175	-0,436	-7,008E-14	-0,6487	-0,010	1,156E-14	0,1
46,480	-27,192	-0,436	7,008E-14	-0,6492	-0,010	5,790E-15	0,0
46,520	-27,210	-0,436	-4,850E-13	-0,6496	-0,010	-1,156E-14	0,0
46,560	-27,227	-0,436	-5,551E-13	-0,6500	-0,010	-1,735E-14	0,1
46,600	-27,245	-0,436	2,727	-0,6504	-0,010	0,065	0,1
46,640	-27,262	-0,218	2,727	-0,6508	-0,005	0,065	0,0
46,680	-27,262	-0,218	0,000	-0,6508	-0,005	-1,735E-14	0,1
46,720	-27,279	-0,218	-3,126E-13	-0,6512	-0,005	2,313E-14	0,1
46,760	-27,279	-0,218	-3,126E-13	-0,6512	-0,005	2,313E-14	0,0
46,800	-27,297	-0,218	2,727	-0,6517	-0,005	0,065	0,1
46,840	-27,297	0,000	3,126E-13	-0,6517	0,000	-5,779E-15	0,1
46,880	-27,297	-0,218	-5,454	-0,6517	-0,005	-0,130	0,0
46,920	-27,314	-0,436	-2,727	-0,6521	-0,010	-0,065	0,1
46,960	-27,332	-0,436	-5,551E-13	-0,6525	-0,010	0,000	0,1
47,000	-27,349	-0,436	-2,727	-0,6529	-0,010	-0,065	0,1
47,040	-27,367	-0,654	-5,454	-0,6533	-0,016	-0,130	0,0
47,080	-27,402	-0,873	-2,727	-0,6542	-0,021	-0,065	0,1
47,120	-27,437	-0,873	-2,727	-0,6550	-0,021	-0,065	0,1
47,160	-27,471	-1,091	-5,454	-0,6558	-0,026	-0,130	0,1
47,200	-27,524	-1,309	-6,578E-13	-0,6571	-0,031	-4,627E-14	0,1
47,240	-27,576	-1,091	5,454	-0,6583	-0,026	0,130	0,1
47,280	-27,611	-0,873	2,727	-0,6592	-0,021	0,065	0,1
47,320	-27,646	-0,873	2,727	-0,6600	-0,021	0,065	0,1
47,360	-27,681	-0,654	5,454	-0,6608	-0,016	0,130	0,1
47,400	-27,698	-0,436	2,727	-0,6612	-0,010	0,065	0,1
47,440	-27,716	-0,436	2,727	-0,6617	-0,010	0,065	0,0
47,480	-27,733	-0,218	2,727	-0,6621	-0,005	0,065	0,0
47,520	-27,733	-0,218	3,126E-13	-0,6621	-0,005	-2,313E-14	0,0
47,560	-27,751	-0,218	0,000	-0,6625	-0,005	1,735E-14	0,1
47,600	-27,751	-0,218	-2,727	-0,6625	-0,005	-0,065	0,0
47,640	-27,768	-0,436	-2,727	-0,6629	-0,010	-0,065	0,1
47,680	-27,786	-0,436	-2,727	-0,6633	-0,010	-0,065	0,1
47,720	-27,803	-0,654	-2,727	-0,6637	-0,016	-0,065	0,1
47,760	-27,838	-0,654	7,272E-13	-0,6646	-0,016	1,735E-14	0,1
47,800	-27,855	-0,654	-2,727	-0,6650	-0,016	-0,065	0,1
47,840	-27,890	-0,873	-5,454	-0,6658	-0,021	-0,130	0,0
47,880	-27,925	-1,091	-5,454	-0,6667	-0,026	-0,130	0,1
47,920	-27,978	-1,309	-5,454	-0,6679	-0,031	-0,130	0,1
47,960	-28,030	-1,527	-5,454	-0,6692	-0,036	-0,130	0,1
48,000	-28,100	-1,745	2,727	-0,6708	-0,042	0,065	0,1
48,040	-28,170	-1,309	8,181	-0,6725	-0,031	0,195	0,1
48,080	-28,205	-1,091	2,010E-12	-0,6733	-0,026	5,204E-14	0,1
48,120	-28,257	-1,309	2,727	-0,6746	-0,031	0,065	0,1
48,160	-28,309	-0,873	8,181	-0,6758	-0,021	0,195	0,1
48,200	-28,327	-0,654	-2,727	-0,6762	-0,016	-0,065	0,1
48,240	-28,362	-1,091	-8,181	-0,6771	-0,026	-0,195	0,1
48,280	-28,414	-1,309	-2,727	-0,6783	-0,031	-0,065	0,1
48,320	-28,466	-1,309	0,000	-0,6796	-0,031	1,735E-14	0,0
48,360	-28,519	-1,309	2,727	-0,6808	-0,031	0,065	0,1
48,400	-28,571	-1,091	2,727	-0,6821	-0,026	0,065	0,0
48,440	-28,606	-1,091	1,213E-12	-0,6829	-0,026	2,893E-14	0,1
48,480	-28,658	-1,091	2,727	-0,6842	-0,026	0,065	0,1
48,520	-28,693	-0,873	2,727	-0,6850	-0,021	0,065	0,1
48,560	-28,728	-0,873	-2,727	-0,6858	-0,021	-0,065	0,1
48,600	-28,763	-1,091	-2,727	-0,6867	-0,026	-0,065	0,1
48,640	-28,815	-1,091	2,727	-0,6879	-0,026	0,065	0,1
48,680	-28,850	-0,873	5,551E-13	-0,6887	-0,021	0,000	0,1
48,720	-28,885	-1,091	-2,727	-0,6896	-0,026	-0,065	0,0
48,760	-28,938	-1,091	2,727	-0,6908	-0,026	0,065	0,0
48,800	-28,972	-0,873	-6,578E-13	-0,6917	-0,021	-2,893E-14	0,0
48,840	-29,007	-1,091	-2,727	-0,6925	-0,026	-0,065	0,1
48,880	-29,060	-1,091	-5,551E-13	-0,6937	-0,026	0,000	0,1
48,920	-29,095	-1,091	-2,727	-0,6946	-0,026	-0,065	0,1
48,960	-29,147	-1,309	-5,454	-0,6958	-0,031	-0,130	0,1
49,000	-29,199	-1,527	-5,454	-0,6971	-0,036	-0,130	0,1
49,040	-29,269	-1,745	-2,727	-0,6987	-0,042	-0,065	0,1
49,080	-29,339	-1,745	2,495E-12	-0,7004	-0,042	2,888E-14	0,1
49,120	-29,409	-1,745	2,727	-0,7021	-0,042	0,065	0,0
49,160	-29,479	-1,527	5,454	-0,7038	-0,036	0,130	0,1
49,200	-29,531	-1,309	5,454	-0,7050	-0,031	0,130	0,0
49,240	-29,583	-1,091	5,454	-0,7062	-0,026	0,130	0,0
49,280	-29,618	-0,873	5,454	-0,7071	-0,021	0,130	0,1
49,320	-29,653	-0,654	5,454	-0,7079	-0,016	0,130	0,1
49,360	-29,671	-0,436	2,727	-0,7083	-0,010	0,065	0,1
49,400	-29,688	-0,436	-7,008E-14	-0,7088	-0,010	2,890E-14	0,1
49,440	-29,705	-0,436	-2,727	-0,7092	-0,010	-0,065	0,1
49,480	-29,723	-0,654	-2,727	-0,7096	-0,016	-0,065	0,0
49,520	-29,758	-0,654	-7,272E-13	-0,7104	-0,016	-3,469E-14	0,1
49,560	-29,775	-0,654	-2,727	-0,7108	-0,016	-0,065	0,1
49,600	-29,810	-0,873	-2,727	-0,7117	-0,021	-0,065	0,1
49,640	-29,845	-0,873	0,000	-0,7125	-0,021	-1,735E-14	0,1
49,680	-29,880	-0,873	5,551E-13	-0,7133	-0,021	-1,735E-14	0,1
49,720	-29,915	-0,873	4,149E-13	-0,7142	-0,021	2,312E-14	0,1
49,760	-29,950	-0,873	9,701E-13	-0,7150	-0,021	2,312E-14	0,1
49,800	-29,985	-0,873	-4,149E-13	-0,7158	-0,021	-5,768E-15	0,1
49,840	-30,020	-0,873	-1,525E-12	-0,7167	-0,021	-5,768E-15	0,1
49,880	-30,055	-0,873	-2,727	-0,7175	-0,021	-0,065	0,1
49,920	-30,089	-1,091	-8,181	-0,7183	-0,026	-0,195	0,1
49,960	-30,142	-1,527	-8,181	-0,7196	-0,036	-0,195	0,1
50,000	-30,212	-1,745	0,000	-0,7212	-0,042	0,000	0,2
50,040	-30,281	-1,527	8,181	-0,7229	-0,036	0,195	0,2
50,080	-30,334	-1,091	8,181	-0,7242	-0,026	0,195	0,2
50,120	-30,369	-0,873	8,181	-0,7250	-0,021	0,195	0,3
50,160	-30,404	-0,436	8,181	-0,7258	-0,010	0,195	0,4
50,200	-30,404	-0,218	-5,551E-13	-0,7258	-0,005	1,735E-14	0,5
50,240	-30,421	-0,436	-2,727	-0,7262	-0,010	-0,065	0,5
50,280	-30,439	-0,436	0,000	-0,7267	-0,010	-1,735E-14	0,6
50,320	-30,456	-0,436	2,727	-0,7271	-0,010	0,065	0,6
50,360	-30,473	-0,218	2,727	-0,7275	-0,005	0,065	0,6
50,400	-30,473	-0,218	7,976E-13	-0,7275	-0,005	-1,157E-14	0,7
50,440	-30,491	-0,218	2,727	-0,7279	-0,005	0,065	0,7
50,480	-30,491	0,000	-2,425E-13	-0,7279	0,000	1,157E-14	0,7
50,520	-30,491	-0,218	-2,727	-0,7279	-0,005	-0,065	0,7
50,560	-30,508	-0,218	-5,551E-13	-0,7283	-0,005	0,000	0,8
50,600	-30,508	-0,218	-2,727	-0,7283	-0,005	-0,065	0,8
50,640	-30,526	-0,436	-2,727	-0,7287	-0,010	-0,065	0,8
50,680	-30,543	-0,436	-2,727	-0,7292	-0,010	-0,065	0,9
50,720	-30,561	-0,654	-2,727	-0,7296	-0,016	-0,065	0,8
50,760	-30,596	-0,654	2,727	-0,7304	-0,016	0,065	0,9
50,800	-30,613	-0,436	2,727	-0,7308	-0,010	0,065	1,0
50,840	-30,631	-0,436	7,008E-14	-0,7312	-0,010	-1,156E-14	1,0
50,880	-30,648	-0,436	0,000	-0,7317	-0,010	-1,735E-14	1,1
50,920	-30,665	-0,436	-2,727	-0,7321	-0,010	-0,065	1,1
50,960	-30,683	-0,654	-5,454	-0,7325	-0,016	-0,130	1,1
51,000	-30,718	-0,873	-5,454	-0,7333	-0,021	-0,130	1,2
51,040	-30,753	-1,091	-2,727	-0,7342	-0,026	-0,065	1,2
51,080	-30,805	-1,091	5,454	-0,7354	-0,026	0,130	1,2
51,120	-30,840	-0,654	8,181	-0,7362	-0,016	0,195	1,3
51,160	-30,857	-0,436	2,727	-0,7367	-0,010	0,065	1,3
51,200	-30,875	-0,436	-5,551E-13	-0,7371	-0,010	0,000	1,3
51,240	-30,892	-0,436	2,727	-0,7375	-0,010	0,065	1,3
51,280	-30,910	-0,218	2,727	-0,7379	-0,005	0,065	1,3
51,320	-30,910	-0,218	-2,727	-0,7379	-0,005	-0,065	1,3
51,360	-30,927	-0,436	-2,727	-0,7383	-0,010	-0,065	1,3
51,400	-30,945	-0,436	1,040E-12	-0,7387	-0,010	-5,790E-15	1,3
51,440	-30,962	-0,436	2,727	-0,7392	-0,010	0,065	1,3
51,480	-30,980	-0,218	2,727	-0,7396	-0,005	0,065	1,3
51,520	-30,980	-0,218	-7,976E-13	-0,7396	-0,005	-2,313E-14	1,2
51,560	-30,997	-0,218	2,727	-0,7400	-0,005	0,065	1,2
51,600	-30,997	0,000	5,551E-13	-0,7400	0,000	1,735E-14	1,2
51,640	-30,997	-0,218	-2,727	-0,7400	-0,005	-0,065	1,3
51,680	-31,014	-0,218	0,000	-0,7404	-0,005	0,000	1,2
51,720	-31,014	-0,218	-2,727	-0,7404	-0,005	-0,065	1,2
51,760	-31,032	-0,436	-3,126E-13	-0,7408	-0,010	-1,157E-14	1,2
51,800	-31,049	-0,218	2,727	-0,7412	-0,005	0,065	1,2
51,840	-31,049	-0,218	-2,727	-0,7412	-0,005	-0,065	1,1
51,880	-31,067	-0,436	0,000	-0,7417	-0,010	-1,735E-14	1,1
51,920	-31,084	-0,218	2,727	-0,7421	-0,005	0,065	1,1
51,960	-31,084	-0,218	-2,727	-0,7421	-0,005	-0,065	1,1
52,000	-31,102	-0,436	-2,727	-0,7425	-0,010	-0,065	1,0
52,040	-31,119	-0,436	1,040E-12	-0,7429	-0,010	2,890E-14	1,0
52,080	-31,137	-0,436	2,727	-0,7433	-0,010	0,065	1,0
52,120	-31,154	-0,218	-1,040E-12	-0,7437	-0,005	-2,890E-14	1,0
52,160	-31,154	-0,436	-5,454	-0,7437	-0,010	-0,130	1,0
52,200	-31,189	-0,654	0,000	-0,7446	-0,016	0,000	0,9
52,240	-31,206	-0,436	2,727	-0,7450	-0,010	0,065	0,9
52,280	-31,224	-0,436	5,551E-13	-0,7454	-0,010	0,000	0,9
52,320	-31,241	-0,436	0,000	-0,7458	-0,010	-1,735E-14	0,8
52,360	-31,259	-0,436	-5,551E-13	-0,7462	-0,010	0,000	0,8
52,400	-31,276	-0,436	1,040E-12	-0,7467	-0,010	1,156E-14	0,7
52,440	-31,294	-0,436	2,727	-0,7471	-0,010	0,065	0,7
52,480	-31,311	-0,218	2,727	-0,7475	-0,005	0,065	0,7
52,520	-31,311	-0,218	-2,727	-0,7475	-0,005	-0,065	0,6
52,560	-31,329	-0,436	5,551E-13	-0,7479	-0,010	-1,735E-14	0,5
52,600	-31,346	-0,218	2,727	-0,7483	-0,005	0,065	0,6
52,640	-31,346	-0,218	-2,727	-0,7483	-0,005	-0,065	0,6
52,680	-31,364	-0,436	-5,551E-13	-0,7487	-0,010	-1,735E-14	0,6
52,720	-31,381	-0,218	2,727	-0,7492	-0,005	0,065	0,5
52,760	-31,381	-0,218	7,976E-13	-0,7492	-0,005	2,313E-14	0,5
52,800	-31,398	-0,218	2,727	-0,7496	-0,005	0,065	0,5
52,840	-31,398	0,000	-2,425E-13	-0,7496	0,000	-2,313E-14	0,4
52,880	-31,398	-0,218	-2,727	-0,7496	-0,005	-0,065	0,5
52,920	-31,416	-0,218	-5,551E-13	-0,7500	-0,005	1,735E-14	0,4
52,960	-31,416	-0,218	-5,551E-13	-0,7500	-0,005	1,735E-14	0,4
53,000	-31,433	-0,218	5,551E-13	-0,7504	-0,005	0,000	0,4
53,040	-31,433	-0,218	-2,727	-0,7504	-0,005	-0,065	0,3
53,080	-31,451	-0,436	-5,454	-0,7508	-0,010	-0,130	0,3
53,120	-31,468	-0,654	-5,454	-0,7512	-0,016	-0,130	0,3
53,160	-31,503	-0,873	-2,727	-0,7521	-0,021	-0,065	0,3
53,200	-31,538	-0,873	2,727	-0,7529	-0,021	0,065	0,3
53,240	-31,573	-0,654	5,454	-0,7537	-0,016	0,130	0,3
53,280	-31,590	-0,436	0,000	-0,7542	-0,010	1,735E-14	0,2
53,320	-31,608	-0,654	-2,727	-0,7546	-0,016	-0,065	0,2
53,360	-31,643	-0,654	2,727	-0,7554	-0,016	0,065	0,2
53,400	-31,660	-0,436	2,727	-0,7558	-0,010	0,065	0,2
53,440	-31,678	-0,436	-7,008E-14	-0,7562	-0,010	1,156E-14	0,2
53,480	-31,695	-0,436	7,008E-14	-0,7567	-0,010	-1,156E-14	0,1
53,520	-31,713	-0,436	-4,850E-13	-0,7571	-0,010	5,790E-15	0,1
53,560	-31,730	-0,436	-5,551E-13	-0,7575	-0,010	0,000	0,1
53,600	-31,748	-0,436	2,727	-0,7579	-0,010	0,065	0,2
53,640	-31,765	-0,218	2,727	-0,7583	-0,005	0,065	0,2
53,680	-31,765	-0,218	-2,727	-0,7583	-0,005	-0,065	0,2
53,720	-31,782	-0,436	-2,727	-0,7587	-0,010	-0,065	0,1
53,760	-31,800	-0,436	2,727	-0,7592	-0,010	0,065	0,1
53,800	-31,817	-0,218	2,727	-0,7596	-0,005	0,065	0,1
53,840	-31,817	-0,218	-2,727	-0,7596	-0,005	-0,065	0,1
53,880	-31,835	-0,436	-2,727	-0,7600	-0,010	-0,065	0,1
53,920	-31,852	-0,436	-5,551E-13	-0,7604	-0,010	0,000	0,1
53,960	-31,870	-0,436	2,727	-0,7608	-0,010	0,065	0,2
54,000	-31,887	-0,218	2,727	-0,7612	-0,005	0,065	0,2
54,040	-31,887	-0,218	-2,727	-0,7612	-0,005	-0,065	0,2
54,080	-31,905	-0,436	-3,126E-13	-0,7617	-0,010	-1,157E-14	0,1
54,120	-31,922	-0,218	2,727	-0,7621	-0,005	0,065	0,1
54,160	-31,922	-0,218	3,126E-13	-0,7621	-0,005	1,157E-14	0,1
54,200	-31,940	-0,218	0,000	-0,7625	-0,005	0,000	0,1
54,240	-31,940	-0,218	0,000	-0,7625	-0,005	0,000	0,1
54,280	-31,957	-0,218	2,727	-0,7629	-0,005	0,065	0,1
54,320	-31,957	0,000	-5,551E-13	-0,7629	0,000	-1,735E-14	0,2
54,360	-31,957	-0,218	-2,727	-0,7629	-0,005	-0,065	0,2
54,400	-31,974	-0,218	2,727	-0,7633	-0,005	0,065	0,1
54,440	-31,974	0,000	2,727	-0,7633	0,000	0,065	0,1
54,480	-31,974	0,000	-2,727	-0,7633	0,000	-0,065	0,1
54,520	-31,974	-0,218	-2,727	-0,7633	-0,005	-0,065	0,1
54,560	-31,992	-0,218	2,727	-0,7637	-0,005	0,065	0,1
54,600	-31,992	0,000	0,000	-0,7637	0,000	-1,735E-14	0,1
54,640	-31,992	-0,218	-2,727	-0,7637	-0,005	-0,065	0,1
54,680	-32,009	-0,218	2,727	-0,7642	-0,005	0,065	0,1
54,720	-32,009	0,000	2,425E-13	-0,7642	0,000	2,313E-14	0,1
54,760	-32,009	-0,218	-2,727	-0,7642	-0,005	-0,065	0,1
54,800	-32,027	-0,218	-1,353E-12	-0,7646	-0,005	-5,779E-15	0,2
54,840	-32,027	-0,218	-2,727	-0,7646	-0,005	-0,065	0,2
54,880	-32,044	-0,436	1,110E-12	-0,7650	-0,010	-1,735E-14	0,1
54,920	-32,062	-0,218	2,727	-0,7654	-0,005	0,065	0,1
54,960	-32,062	-0,218	0,000	-0,7654	-0,005	1,735E-14	0,1
55,000	-32,079	-0,218	0,000	-0,7658	-0,005	-1,735E-14	0,1
55,040	-32,079	-0,218	2,425E-13	-0,7658	-0,005	-1,157E-14	0,1
55,080	-32,097	-0,218	2,425E-13	-0,7663	-0,005	2,313E-14	0,1
55,120	-32,097	-0,218	-2,425E-13	-0,7663	-0,005	1,157E-14	0,1
55,160	-32,114	-0,218	2,727	-0,7667	-0,005	0,065	0,1
55,200	-32,114	0,000	2,727	-0,7667	0,000	0,065	0,1
55,240	-32,114	0,000	-2,727	-0,7667	0,000	-0,065	0,1
55,280	-32,114	-0,218	-2,727	-0,7667	-0,005	-0,065	0,1
55,320	-32,132	-0,218	-1,110E-12	-0,7671	-0,005	-1,735E-14	0,1
55,360	-32,132	-0,218	-1,110E-12	-0,7671	-0,005	-1,735E-14	0,1
55,400	-32,149	-0,218	2,727	-0,7675	-0,005	0,065	0,1
55,440	-32,149	0,000	2,727	-0,7675	0,000	0,065	0,1
55,480	-32,149	0,000	-2,727	-0,7675	0,000	-0,065	0,2
55,520	-32,149	-0,218	-2,727	-0,7675	-0,005	-0,065	0,1
55,560	-32,166	-0,218	2,727	-0,7679	-0,005	0,065	0,1
55,600	-32,166	0,000	0,000	-0,7679	0,000	-1,735E-14	0,2
55,640	-32,166	-0,218	-2,727	-0,7679	-0,005	-0,065	0,2
55,680	-32,184	-0,218	0,000	-0,7683	-0,005	1,735E-14	0,1
55,720	-32,184	-0,218	2,425E-13	-0,7683	-0,005	2,313E-14	0,1
55,760	-32,201	-0,218	2,425E-13	-0,7687	-0,005	-1,157E-14	0,1
55,800	-32,201	-0,218	-5,454	-0,7687	-0,005	-0,130	0,1
55,840	-32,219	-0,654	-8,181	-0,7692	-0,016	-0,195	0,1
55,880	-32,254	-0,873	-2,727	-0,7700	-0,021	-0,065	0,1
55,920	-32,289	-0,873	1,110E-12	-0,7708	-0,021	-1,735E-14	0,1
55,960	-32,323	-0,873	0,000	-0,7717	-0,021	0,000	0,1
56,000	-32,358	-0,873	-1,110E-12	-0,7725	-0,021	0,000	0,1
56,040	-32,393	-0,873	2,080E-12	-0,7733	-0,021	4,046E-14	0,2
56,080	-32,428	-0,873	9,701E-13	-0,7742	-0,021	4,046E-14	0,2
56,120	-32,463	-0,873	-2,727	-0,7750	-0,021	-0,065	0,2
56,160	-32,498	-1,091	-5,454	-0,7758	-0,026	-0,130	0,2
56,200	-32,550	-1,309	0,000	-0,7771	-0,031	0,000	0,1
56,240	-32,603	-1,091	5,454	-0,7783	-0,026	0,130	0,2
56,280	-32,638	-0,873	2,727	-0,7792	-0,021	0,065	0,1
56,320	-32,673	-0,873	-2,727	-0,7800	-0,021	-0,065	0,2
56,360	-32,707	-1,091	-2,727	-0,7808	-0,026	-0,065	0,2
56,400	-32,760	-1,091	5,454	-0,7821	-0,026	0,130	0,2
56,440	-32,795	-0,654	8,181	-0,7829	-0,016	0,195	0,1
56,480	-32,812	-0,436	2,727	-0,7833	-0,010	0,065	0,2
56,520	-32,830	-0,436	-4,850E-13	-0,7837	-0,010	-1,156E-14	0,2
56,560	-32,847	-0,436	0,000	-0,7842	-0,010	-1,735E-14	0,2
56,600	-32,865	-0,436	2,727	-0,7846	-0,010	0,065	0,1
56,640	-32,882	-0,218	2,727	-0,7850	-0,005	0,065	0,2
56,680	-32,882	-0,218	0,000	-0,7850	-0,005	-1,735E-14	0,2
56,720	-32,899	-0,218	2,727	-0,7854	-0,005	0,065	0,1
56,760	-32,899	0,000	2,727	-0,7854	0,000	0,065	0,2
56,800	-32,899	0,000	0,000	-0,7854	0,000	0,000	0,2
56,840	-32,899	0,000		-0,7854	0,000		0,2
