Tiempo (s)	ángulo (rad)	Vector velocidad angular (rad/s)	Aceleración angular (rad/s²)	Posición (m)	Vector velocidad (m/s)	Aceleración (m/s²)	Intensidad luminosa (%)
0,100	0,000	0,000	0,000	0,0000	0,000	0,000	
0,150	0,000	0,000	0,000	0,0000	0,000	0,000	36,0
0,200	0,000	0,000	0,000	0,0000	0,000	0,000	38,3
0,250	0,000	0,000	0,000	0,0000	0,000	0,000	36,5
0,300	0,000	0,000	0,000	0,0000	0,000	0,000	36,7
0,350	0,000	0,000	0,000	0,0000	0,000	0,000	36,2
0,400	0,000	0,000	0,000	0,0000	0,000	0,000	37,0
0,450	0,000	0,000	0,000	0,0000	0,000	0,000	37,2
0,500	0,000	0,000	0,000	0,0000	0,000	0,000	37,1
0,550	0,000	0,000	0,000	0,0000	0,000	0,000	38,6
0,600	0,000	0,000	0,000	0,0000	0,000	0,000	38,3
0,650	0,000	0,000	0,000	0,0000	0,000	0,000	41,1
0,700	0,000	0,000	0,000	0,0000	0,000	0,000	37,6
0,750	0,000	0,000	0,000	0,0000	0,000	0,000	39,9
0,800	0,000	0,000	0,000	0,0000	0,000	0,000	36,3
0,850	0,000	0,000	0,000	0,0000	0,000	0,000	40,4
0,900	0,000	0,000	0,000	0,0000	0,000	0,000	35,6
0,950	0,000	0,000	0,000	0,0000	0,000	0,000	41,0
1,000	0,000	0,000	0,000	0,0000	0,000	0,000	35,3
1,050	0,000	0,000	0,000	0,0000	0,000	0,000	40,1
1,100	0,000	0,000	0,000	0,0000	0,000	0,000	34,2
1,150	0,000	0,000	0,000	0,0000	0,000	0,000	39,8
1,200	0,000	0,000	0,000	0,0000	0,000	0,000	32,7
1,250	0,000	0,000	0,000	0,0000	0,000	0,000	39,6
1,300	0,000	0,000	0,000	0,0000	0,000	0,000	33,1
1,350	0,000	0,000	0,000	0,0000	0,000	0,000	41,3
1,400	0,000	0,000	0,000	0,0000	0,000	0,000	33,0
1,450	0,000	0,000	0,000	0,0000	0,000	0,000	42,2
1,500	0,000	0,000	0,000	0,0000	0,000	0,000	34,5
1,550	0,000	0,000	0,000	0,0000	0,000	0,000	45,0
1,600	0,000	0,000	0,000	0,0000	0,000	0,000	36,3
1,650	0,000	0,000	0,000	0,0000	0,000	0,000	51,1
1,700	0,000	0,000	0,000	0,0000	0,000	0,000	38,4
1,750	0,000	0,000	0,000	0,0000	0,000	0,000	43,0
1,800	0,000	0,000	0,000	0,0000	0,000	0,000	28,1
1,850	0,000	0,000	0,000	0,0000	0,000	0,000	37,2
1,900	0,000	0,000	0,000	0,0000	0,000	0,000	26,0
1,950	0,000	0,000	0,000	0,0000	0,000	0,000	36,0
2,000	0,000	0,000	0,000	0,0000	0,000	0,000	25,3
2,050	0,000	0,000	0,000	0,0000	0,000	0,000	36,9
2,100	0,000	0,000	0,000	0,0000	0,000	0,000	25,1
2,150	0,000	0,000	0,000	0,0000	0,000	0,000	37,1
2,200	0,000	0,000	0,000	0,0000	0,000	0,000	25,5
2,250	0,000	0,000	0,000	0,0000	0,000	0,000	37,7
2,300	0,000	0,000	0,000	0,0000	0,000	0,000	25,3
2,350	0,000	0,000	0,000	0,0000	0,000	0,000	37,9
2,400	0,000	0,000	0,000	0,0000	0,000	0,000	25,1
2,450	0,000	0,000	0,000	0,0000	0,000	0,000	37,7
2,500	0,000	0,000	0,000	0,0000	0,000	0,000	25,1
2,550	0,000	0,000	0,000	0,0000	0,000	0,000	36,9
2,600	0,000	0,000	0,000	0,0000	0,000	0,000	24,9
2,650	0,000	0,000	0,000	0,0000	0,000	0,000	36,7
2,700	0,000	0,000	0,000	0,0000	0,000	0,000	23,4
2,750	0,000	0,000	0,000	0,0000	0,000	0,000	36,7
2,800	0,000	0,000	0,000	0,0000	0,000	0,000	23,0
2,850	0,000	0,000	0,000	0,0000	0,000	0,000	36,0
2,900	0,000	0,000	0,000	0,0000	0,000	0,000	22,9
2,950	0,000	0,000	0,000	0,0000	0,000	0,000	35,5
3,000	0,000	0,000	0,000	0,0000	0,000	0,000	23,2
3,050	0,000	0,000	0,000	0,0000	0,000	0,000	36,8
3,100	0,000	0,000	0,000	0,0000	0,000	0,000	23,6
3,150	0,000	0,000	0,000	0,0000	0,000	0,000	36,9
3,200	0,000	0,000	0,000	0,0000	0,000	0,000	22,7
3,250	0,000	0,000	0,000	0,0000	0,000	0,000	34,6
3,300	0,000	0,000	0,000	0,0000	0,000	0,000	21,0
3,350	0,000	0,000	0,000	0,0000	0,000	0,000	33,3
3,400	0,000	0,000	0,000	0,0000	0,000	0,000	19,9
3,450	0,000	0,000	0,000	0,0000	0,000	0,000	33,6
3,500	0,000	0,000	0,000	0,0000	0,000	0,000	19,7
3,550	0,000	0,000	0,000	0,0000	0,000	0,000	33,3
3,600	0,000	0,000	0,000	0,0000	0,000	0,000	20,3
3,650	0,000	0,000	0,000	0,0000	0,000	0,000	32,8
3,700	0,000	0,000	0,000	0,0000	0,000	0,000	20,0
3,750	0,000	0,000	0,000	0,0000	0,000	0,000	33,0
3,800	0,000	0,000	0,000	0,0000	0,000	0,000	20,3
3,850	0,000	0,000	0,000	0,0000	0,000	0,000	32,0
3,900	0,000	0,000	0,000	0,0000	0,000	0,000	20,5
3,950	0,000	0,000	0,000	0,0000	0,000	0,000	33,2
4,000	0,000	0,000	0,000	0,0000	0,000	0,000	20,8
4,050	0,000	0,000	0,000	0,0000	0,000	0,000	33,2
4,100	0,000	0,000	0,000	0,0000	0,000	0,000	20,7
4,150	0,000	0,000	0,000	0,0000	0,000	0,000	33,8
4,200	0,000	0,000	0,000	0,0000	0,000	0,000	21,0
4,250	0,000	0,000	0,000	0,0000	0,000	0,000	32,8
4,300	0,000	0,000	0,000	0,0000	0,000	0,000	21,3
4,350	0,000	0,000	0,000	0,0000	0,000	0,000	32,8
4,400	0,000	0,000	0,000	0,0000	0,000	0,000	21,4
4,450	0,000	0,000	0,000	0,0000	0,000	0,000	32,2
4,500	0,000	0,000	0,000	0,0000	0,000	0,000	20,6
4,550	0,000	0,000	0,000	0,0000	0,000	0,000	31,3
4,600	0,000	0,000	0,000	0,0000	0,000	0,000	20,8
4,650	0,000	0,000	0,000	0,0000	0,000	0,000	31,3
4,700	0,000	0,000	0,000	0,0000	0,000	0,000	20,5
4,750	0,000	0,000	0,000	0,0000	0,000	0,000	30,8
4,800	0,000	0,000	0,000	0,0000	0,000	0,000	21,1
4,850	0,000	0,000	0,000	0,0000	0,000	0,000	30,5
4,900	0,000	0,000	0,000	0,0000	0,000	0,000	22,2
4,950	0,000	0,000	0,000	0,0000	0,000	0,000	32,1
5,000	0,000	0,000	0,000	0,0000	0,000	0,000	22,4
5,050	0,000	0,000	0,000	0,0000	0,000	0,000	32,3
5,100	0,000	0,000	0,000	0,0000	0,000	0,000	22,4
5,150	0,000	0,000	0,000	0,0000	0,000	0,000	31,1
5,200	0,000	0,000	0,000	0,0000	0,000	0,000	22,0
5,250	0,000	0,000	0,000	0,0000	0,000	0,000	30,5
5,300	0,000	0,000	0,000	0,0000	0,000	0,000	22,0
5,350	0,000	0,000	0,000	0,0000	0,000	0,000	30,5
5,400	0,000	0,000	0,000	0,0000	0,000	0,000	22,2
5,450	0,000	0,000	0,000	0,0000	0,000	0,000	30,2
5,500	0,000	0,000	0,000	0,0000	0,000	0,000	22,7
5,550	0,000	0,000	0,000	0,0000	0,000	0,000	29,8
5,600	0,000	0,000	0,000	0,0000	0,000	0,000	22,8
5,650	0,000	0,000	0,000	0,0000	0,000	0,000	29,7
5,700	0,000	0,000	0,000	0,0000	0,000	0,000	22,8
5,750	0,000	0,000	0,000	0,0000	0,000	0,000	29,2
5,800	0,000	0,000	0,000	0,0000	0,000	0,000	23,4
5,850	0,000	0,000	0,000	0,0000	0,000	0,000	28,9
5,900	0,000	0,000	0,000	0,0000	0,000	0,000	23,6
5,950	0,000	0,000	0,000	0,0000	0,000	0,000	28,7
6,000	0,000	0,000	0,000	0,0000	0,000	0,000	23,9
6,050	0,000	0,000	0,000	0,0000	0,000	0,000	29,3
6,100	0,000	0,000	0,000	0,0000	0,000	0,000	23,9
6,150	0,000	0,000	0,000	0,0000	0,000	0,000	28,6
6,200	0,000	0,000	0,000	0,0000	0,000	0,000	24,2
6,250	0,000	0,000	0,000	0,0000	0,000	0,000	29,0
6,300	0,000	0,000	0,000	0,0000	0,000	0,000	24,3
6,350	0,000	0,000	0,000	0,0000	0,000	0,000	28,7
6,400	0,000	0,000	0,000	0,0000	0,000	0,000	25,1
6,450	0,000	0,000	0,000	0,0000	0,000	0,000	29,2
6,500	0,000	0,000	0,000	0,0000	0,000	0,000	25,2
6,550	0,000	0,000	0,000	0,0000	0,000	0,000	27,3
6,600	0,000	0,000	0,000	0,0000	0,000	0,000	25,8
6,650	0,000	0,000	0,000	0,0000	0,000	0,000	27,8
6,700	0,000	0,000	0,000	0,0000	0,000	0,000	27,0
6,750	0,000	0,000	0,000	0,0000	0,000	0,000	28,8
6,800	0,000	0,000	0,000	0,0000	0,000	0,000	27,4
6,850	0,000	0,000	0,000	0,0000	0,000	0,000	29,5
6,900	0,000	0,000	0,000	0,0000	0,000	0,000	27,5
6,950	0,000	0,000	0,000	0,0000	0,000	0,000	28,4
7,000	0,000	0,000	0,000	0,0000	0,000	0,000	28,6
7,050	0,000	0,000	0,000	0,0000	0,000	0,000	28,7
7,100	0,000	0,000	0,000	0,0000	0,000	0,000	28,5
7,150	0,000	0,000	0,000	0,0000	0,000	0,000	28,0
7,200	0,000	0,000	0,000	0,0000	0,000	0,000	28,7
7,250	0,000	0,000	0,000	0,0000	0,000	0,000	27,9
7,300	0,000	0,000	0,000	0,0000	0,000	0,000	28,8
7,350	0,000	0,000	0,000	0,0000	0,000	0,000	27,6
7,400	0,000	0,000	0,000	0,0000	0,000	0,000	29,5
7,450	0,000	0,000	0,000	0,0000	0,000	0,000	27,9
7,500	0,000	0,000	0,000	0,0000	0,000	0,000	30,9
7,550	0,000	0,000	0,000	0,0000	0,000	0,000	29,5
7,600	0,000	0,000	1,745	0,0000	0,000	0,042	32,2
7,650	0,000	0,175	1,745	0,0000	0,004	0,042	29,6
7,700	0,017	0,175	-1,745	4,1667E-4	0,004	-0,042	34,2
7,750	0,017	0,000	1,745	4,1667E-4	0,000	0,042	32,0
7,800	0,017	0,349	19,199	4,1667E-4	0,008	0,458	37,3
7,850	0,052	1,920	34,907	0,0012	0,046	0,833	34,4
7,900	0,209	3,840	20,944	0,0050	0,092	0,500	44,4
7,950	0,436	4,014	-5,236	0,0104	0,096	-0,125	41,4
8,000	0,611	3,316	-8,727	0,0146	0,079	-0,208	53,1
8,050	0,768	3,142	1,745	0,0183	0,075	0,042	75,0
8,100	0,925	3,491	12,217	0,0221	0,083	0,292	98,7
8,150	1,117	4,363	12,217	0,0267	0,104	0,292	98,6
8,200	1,361	4,712	7,727E-13	0,0325	0,113	1,818E-14	98,6
8,250	1,588	4,363	-5,236	0,0379	0,104	-0,125	83,2
8,300	1,798	4,189	-6,981	0,0429	0,100	-0,167	44,9
8,350	2,007	3,665	-8,727	0,0479	0,088	-0,208	13,5
8,400	2,164	3,316	-3,491	0,0517	0,079	-0,083	10,3
8,450	2,339	3,316	-6,981	0,0558	0,079	-0,167	7,3
8,500	2,496	2,618	-13,963	0,0596	0,063	-0,333	8,4
8,550	2,601	1,920	-5,236	0,0621	0,046	-0,125	6,2
8,600	2,688	2,094	12,217	0,0642	0,050	0,292	7,3
8,650	2,810	3,142	24,435	0,0671	0,075	0,583	5,3
8,700	3,002	4,538	26,180	0,0717	0,108	0,625	6,4
8,750	3,264	5,760	22,689	0,0779	0,138	0,542	4,8
8,800	3,578	6,807	20,944	0,0854	0,163	0,500	6,2
8,850	3,944	7,854	13,963	0,0942	0,188	0,333	4,2
8,900	4,363	8,203	6,981	0,1042	0,196	0,167	5,1
8,950	4,765	8,552	5,236	0,1137	0,204	0,125	3,3
9,000	5,219	8,727	-6,981	0,1246	0,208	-0,167	4,0
9,050	5,637	7,854	-15,708	0,1346	0,188	-0,375	2,5
9,100	6,004	7,156	-15,708	0,1433	0,171	-0,375	3,1
9,150	6,353	6,283	-10,472	0,1517	0,150	-0,250	2,0
9,200	6,632	6,109	5,236	0,1583	0,146	0,125	2,3
9,250	6,964	6,807	10,472	0,1662	0,163	0,250	1,6
9,300	7,313	7,156	-1,745	0,1746	0,171	-0,042	2,0
9,350	7,679	6,632	-12,217	0,1833	0,158	-0,292	1,3
9,400	7,976	5,934	-6,981	0,1904	0,142	-0,167	1,7
9,450	8,273	5,934	-6,981	0,1975	0,142	-0,167	1,1
9,500	8,570	5,236	-19,199	0,2046	0,125	-0,458	1,4
9,550	8,796	4,014	-12,217	0,2100	0,096	-0,292	0,9
9,600	8,971	4,014	12,217	0,2142	0,096	0,292	1,2
9,650	9,198	5,236	26,180	0,2196	0,125	0,625	0,8
9,700	9,495	6,632	19,199	0,2267	0,158	0,458	1,0
9,750	9,861	7,156	-5,236	0,2354	0,171	-0,125	0,7
9,800	10,210	6,109	-22,689	0,2437	0,146	-0,542	1,0
9,850	10,472	4,887	-22,689	0,2500	0,117	-0,542	0,7
9,900	10,699	3,840	-12,217	0,2554	0,092	-0,292	0,9
9,950	10,856	3,665	6,981	0,2592	0,088	0,167	0,6
10,000	11,065	4,538	15,708	0,2642	0,108	0,375	0,8
10,050	11,310	5,236	12,217	0,2700	0,125	0,292	0,5
10,100	11,589	5,760	8,727	0,2767	0,138	0,208	0,8
10,150	11,886	6,109	3,491	0,2838	0,146	0,083	0,5
10,200	12,200	6,109	-3,491	0,2912	0,146	-0,083	0,8
10,250	12,497	5,760	-3,491	0,2983	0,138	-0,083	0,5
10,300	12,776	5,760	-5,236	0,3050	0,137	-0,125	0,6
10,350	13,073	5,236	-12,217	0,3121	0,125	-0,292	0,4
10,400	13,299	4,538	-8,727	0,3175	0,108	-0,208	0,6
10,450	13,526	4,363	0,000	0,3229	0,104	5,551E-15	0,4
10,500	13,736	4,538	8,727	0,3279	0,108	0,208	0,5
10,550	13,980	5,236	17,453	0,3338	0,125	0,417	0,3
10,600	14,259	6,283	13,963	0,3404	0,150	0,333	0,5
10,650	14,608	6,632	-6,981	0,3487	0,158	-0,167	0,4
10,700	14,923	5,585	-22,689	0,3562	0,133	-0,542	0,5
10,750	15,167	4,363	-17,453	0,3621	0,104	-0,417	0,3
10,800	15,359	3,840	-1,745	0,3667	0,092	-0,042	0,5
10,850	15,551	4,189	6,981	0,3712	0,100	0,167	0,3
10,900	15,778	4,538	5,236	0,3767	0,108	0,125	0,5
10,950	16,005	4,712	5,236	0,3821	0,113	0,125	0,3
11,000	16,249	5,061	6,981	0,3879	0,121	0,167	0,4
11,050	16,511	5,411	-3,553E-13	0,3942	0,129	0,000	0,3
11,100	16,790	5,061	-6,981	0,4008	0,121	-0,167	0,4
11,150	17,017	4,712	-6,981	0,4062	0,113	-0,167	0,3
11,200	17,261	4,363	-5,236	0,4121	0,104	-0,125	0,4
11,250	17,453	4,189	-1,745	0,4167	0,100	-0,042	0,3
11,300	17,680	4,189	-3,491	0,4221	0,100	-0,083	0,4
11,350	17,872	3,840	-3,491	0,4267	0,092	-0,083	0,3
11,400	18,064	3,840	-3,553E-13	0,4312	0,092	0,000	0,4
11,450	18,256	3,840	1,745	0,4358	0,092	0,042	0,3
11,500	18,448	4,014	-1,745	0,4404	0,096	-0,042	0,6
11,550	18,658	3,665	-8,727	0,4454	0,087	-0,208	0,5
11,600	18,815	3,142	-8,727	0,4492	0,075	-0,208	0,9
11,650	18,972	2,793	-6,981	0,4529	0,067	-0,167	0,6
11,700	19,094	2,443	-8,727	0,4558	0,058	-0,208	0,6
11,750	19,216	1,920	-10,472	0,4588	0,046	-0,250	0,4
11,800	19,286	1,396	-8,727	0,4604	0,033	-0,208	0,3
11,850	19,356	1,047	-6,981	0,4621	0,025	-0,167	0,3
11,900	19,391	0,698	-6,981	0,4629	0,017	-0,167	0,3
11,950	19,426	0,349	-6,981	0,4637	0,008	-0,167	0,3
12,000	19,426	0,000	-3,491	0,4637	0,000	-0,083	0,3
12,050	19,426	0,000	0,000	0,4637	0,000	0,000	0,3
12,100	19,426	0,000	0,000	0,4637	0,000	0,000	0,3
12,150	19,426	0,000	0,000	0,4637	0,000	0,000	0,2
12,200	19,426	0,000	0,000	0,4637	0,000	0,000	0,3
12,250	19,426	0,000	0,000	0,4637	0,000	0,000	0,3
12,300	19,426	0,000	0,000	0,4637	0,000	0,000	0,3
12,350	19,426	0,000	0,000	0,4637	0,000	0,000	0,3
12,400	19,426	0,000	0,000	0,4637	0,000	0,000	0,3
12,450	19,426	0,000	0,000	0,4637	0,000	0,000	0,2
12,500	19,426	0,000	0,000	0,4637	0,000	0,000	0,3
12,550	19,426	0,000	0,000	0,4637	0,000	0,000	0,3
12,600	19,426	0,000	8,727	0,4637	0,000	0,208	0,3
12,650	19,426	0,873	13,963	0,4637	0,021	0,333	0,3
12,700	19,513	1,396	-3,491	0,4658	0,033	-0,083	0,3
12,750	19,565	0,524	-13,963	0,4671	0,012	-0,333	0,3
12,800	19,565	0,000	-5,236	0,4671	0,000	-0,125	0,3
12,850	19,565	0,000	0,000	0,4671	0,000	0,000	0,3
12,900	19,565	0,000	0,000	0,4671	0,000	0,000	0,3
12,950	19,565	0,000	0,000	0,4671	0,000	0,000	0,3
13,000	19,565	0,000	0,000	0,4671	0,000	0,000	0,3
13,050	19,565	0,000	0,000	0,4671	0,000	0,000	0,3
13,100	19,565	0,000	0,000	0,4671	0,000	0,000	0,3
13,150	19,565	0,000	1,745	0,4671	0,000	0,042	0,3
13,200	19,565	0,175	10,472	0,4671	0,004	0,250	0,3
13,250	19,583	1,047	12,217	0,4675	0,025	0,292	0,3
13,300	19,670	1,396	1,745	0,4696	0,033	0,042	0,3
13,350	19,722	1,222	6,017E-13	0,4708	0,029	3,469E-16	0,3
13,400	19,792	1,396	12,217	0,4725	0,033	0,292	0,3
13,450	19,862	2,443	17,453	0,4742	0,058	0,417	0,3
13,500	20,036	3,142	1,745	0,4783	0,075	0,042	0,3
13,550	20,176	2,618	-10,472	0,4817	0,062	-0,250	0,3
13,600	20,298	2,094	-12,217	0,4846	0,050	-0,292	0,3
13,650	20,385	1,396	-10,472	0,4867	0,033	-0,250	0,3
13,700	20,438	1,047	-6,981	0,4879	0,025	-0,167	0,2
13,750	20,490	0,698	-5,236	0,4892	0,017	-0,125	0,3
13,800	20,508	0,524	3,491	0,4896	0,012	0,083	0,3
13,850	20,543	1,047	6,981	0,4904	0,025	0,167	0,2
13,900	20,612	1,222	0,000	0,4921	0,029	0,000	0,3
13,950	20,665	1,047	0,000	0,4933	0,025	0,000	0,3
14,000	20,717	1,222	1,745	0,4946	0,029	0,042	0,2
14,050	20,787	1,222	-5,236	0,4962	0,029	-0,125	0,3
14,100	20,839	0,698	-8,727	0,4975	0,017	-0,208	0,2
14,150	20,857	0,349	-1,745	0,4979	0,008	-0,042	0,3
14,200	20,874	0,524	5,236	0,4983	0,013	0,125	0,2
14,250	20,909	0,873	5,236	0,4992	0,021	0,125	0,3
14,300	20,961	1,047	5,236	0,5004	0,025	0,125	0,2
14,350	21,014	1,396	5,236	0,5017	0,033	0,125	0,3
14,400	21,101	1,571	-3,491	0,5037	0,038	-0,083	0,2
14,450	21,171	1,047	-6,981	0,5054	0,025	-0,167	0,3
14,500	21,206	0,873	-3,491	0,5062	0,021	-0,083	0,3
14,550	21,258	0,698	-3,491	0,5075	0,017	-0,083	0,3
14,600	21,276	0,524	3,491	0,5079	0,012	0,083	0,3
14,650	21,310	1,047	12,217	0,5087	0,025	0,292	0,3
14,700	21,380	1,745	12,217	0,5104	0,042	0,292	0,3
14,750	21,485	2,269	8,727	0,5129	0,054	0,208	0,3
14,800	21,607	2,618	-3,553E-13	0,5158	0,062	1,110E-14	0,3
14,850	21,747	2,269	-15,708	0,5192	0,054	-0,375	0,3
14,900	21,834	1,047	-20,944	0,5213	0,025	-0,500	0,3
14,950	21,852	0,175	-10,472	0,5217	0,004	-0,250	0,4
15,000	21,852	0,000	-1,745	0,5217	0,000	-0,042	0,3
15,050	21,852	0,000	-1,745	0,5217	0,000	-0,042	0,4
15,100	21,852	-0,175	-1,745	0,5217	-0,004	-0,042	0,3
15,150	21,834	-0,175	1,745	0,5213	-0,004	0,042	0,4
15,200	21,834	0,000	1,745	0,5213	0,000	0,042	0,3
15,250	21,834	0,000	0,000	0,5213	0,000	0,000	0,4
15,300	21,834	0,000	-1,745	0,5213	0,000	-0,042	0,3
15,350	21,834	-0,175	-1,745	0,5213	-0,004	-0,042	0,4
15,400	21,817	-0,175	1,745	0,5208	-0,004	0,042	0,3
15,450	21,817	0,000	3,553E-13	0,5208	0,000	1,110E-14	0,4
15,500	21,817	-0,175	-19,199	0,5208	-0,004	-0,458	0,3
15,550	21,799	-1,920	-33,161	0,5204	-0,046	-0,792	0,4
15,600	21,625	-3,491	-5,236	0,5163	-0,083	-0,125	0,3
15,650	21,450	-2,443	27,925	0,5121	-0,058	0,667	0,4
15,700	21,380	-0,698	24,435	0,5104	-0,017	0,583	0,3
15,750	21,380	0,000	6,981	0,5104	0,000	0,167	0,4
15,800	21,380	0,000	0,000	0,5104	0,000	0,000	0,3
15,850	21,380	0,000	1,745	0,5104	0,000	0,042	0,3
15,900	21,380	0,175	1,745	0,5104	0,004	0,042	0,3
15,950	21,398	0,175	6,981	0,5108	0,004	0,167	0,3
16,000	21,398	0,873	27,925	0,5108	0,021	0,667	0,2
16,050	21,485	2,967	43,633	0,5129	0,071	1,042	0,3
16,100	21,694	5,236	34,907	0,5179	0,125	0,833	0,3
16,150	22,009	6,458	10,472	0,5254	0,154	0,250	0,4
16,200	22,340	6,283	-17,453	0,5333	0,150	-0,417	0,3
16,250	22,637	4,712	-27,925	0,5404	0,112	-0,667	0,3
16,300	22,811	3,491	-10,472	0,5446	0,083	-0,250	0,3
16,350	22,986	3,665	8,727	0,5487	0,087	0,208	0,4
16,400	23,178	4,363	15,708	0,5533	0,104	0,375	0,3
16,450	23,422	5,236	6,981	0,5592	0,125	0,167	0,5
16,500	23,702	5,061	-6,981	0,5658	0,121	-0,167	0,3
16,550	23,928	4,538	-6,981	0,5712	0,108	-0,167	0,6
16,600	24,155	4,363	1,972E-12	0,5767	0,104	2,734E-14	0,4
16,650	24,365	4,538	1,554E-12	0,5817	0,108	2,595E-14	0,6
16,700	24,609	4,363	-5,236	0,5875	0,104	-0,125	0,6
16,750	24,801	4,014	-13,963	0,5921	0,096	-0,333	2,2
16,800	25,011	2,967	-24,435	0,5971	0,071	-0,583	2,4
16,850	25,098	1,571	-15,708	0,5992	0,037	-0,375	6,1
16,900	25,168	1,396	3,491	0,6008	0,033	0,083	3,7
16,950	25,237	1,920	13,963	0,6025	0,046	0,333	4,4
17,000	25,360	2,793	13,963	0,6054	0,067	0,333	1,9
17,050	25,517	3,316	5,236	0,6092	0,079	0,125	2,5
17,100	25,691	3,316	-3,491	0,6133	0,079	-0,083	1,3
17,150	25,848	2,967	-10,472	0,6171	0,071	-0,250	1,3
17,200	25,988	2,269	-15,708	0,6204	0,054	-0,375	0,6
17,250	26,075	1,396	-15,708	0,6225	0,033	-0,375	0,5
17,300	26,128	0,698	-10,472	0,6237	0,017	-0,250	0,4
17,350	26,145	0,349	-5,236	0,6242	0,008	-0,125	0,5
17,400	26,162	0,175	-1,745	0,6246	0,004	-0,042	0,3
17,450	26,162	0,175	1,745	0,6246	0,004	0,042	0,4
17,500	26,180	0,349	6,981	0,6250	0,008	0,167	0,3
17,550	26,197	0,873	10,472	0,6254	0,021	0,250	0,4
17,600	26,267	1,396	8,727	0,6271	0,033	0,208	0,3
17,650	26,337	1,745	5,236	0,6287	0,042	0,125	0,4
17,700	26,442	1,920	-5,236	0,6312	0,046	-0,125	0,3
17,750	26,529	1,222	-15,708	0,6333	0,029	-0,375	0,4
17,800	26,564	0,349	-8,727	0,6342	0,008	-0,208	0,3
17,850	26,564	0,349	6,981	0,6342	0,008	0,167	0,3
17,900	26,599	1,047	13,963	0,6350	0,025	0,333	0,3
17,950	26,669	1,745	6,981	0,6367	0,042	0,167	0,3
18,000	26,773	1,745	-5,236	0,6392	0,042	-0,125	0,3
18,050	26,843	1,222	-5,236	0,6408	0,029	-0,125	0,3
18,100	26,896	1,222	4,330E-13	0,6421	0,029	-7,633E-16	0,3
18,150	26,965	1,222	-5,236	0,6437	0,029	-0,125	0,3
18,200	27,018	0,698	-5,236	0,6450	0,017	-0,125	0,3
18,250	27,035	0,698	1,745	0,6454	0,017	0,042	0,3
18,300	27,088	0,873	3,491	0,6467	0,021	0,083	0,3
18,350	27,122	1,047	8,727	0,6475	0,025	0,208	0,2
18,400	27,192	1,745	6,981	0,6492	0,042	0,167	0,3
18,450	27,297	1,745	-5,236	0,6517	0,042	-0,125	0,2
18,500	27,367	1,222	-6,981	0,6533	0,029	-0,167	0,3
18,550	27,419	1,047	-5,236	0,6546	0,025	-0,125	0,2
18,600	27,471	0,698	-6,981	0,6558	0,017	-0,167	0,3
18,650	27,489	0,349	-5,236	0,6562	0,008	-0,125	0,2
18,700	27,506	0,175	-1,745	0,6567	0,004	-0,042	0,2
18,750	27,506	0,175	-4,172E-13	0,6567	0,004	-1,475E-15	0,2
18,800	27,524	0,175	-1,745	0,6571	0,004	-0,042	0,2
18,850	27,524	0,000	-1,745	0,6571	0,000	-0,042	0,2
18,900	27,524	0,000	0,000	0,6571	0,000	0,000	0,3
18,950	27,524	0,000	0,000	0,6571	0,000	0,000	0,3
19,000	27,524	0,000	0,000	0,6571	0,000	0,000	0,2
19,050	27,524	0,000	0,000	0,6571	0,000	0,000	0,2
19,100	27,524	0,000	0,000	0,6571	0,000	0,000	0,3
19,150	27,524	0,000	0,000	0,6571	0,000	0,000	0,2
19,200	27,524	0,000	0,000	0,6571	0,000	0,000	0,2
19,250	27,524	0,000	0,000	0,6571	0,000	0,000	0,2
19,300	27,524	0,000	0,000	0,6571	0,000	0,000	0,3
19,350	27,524	0,000	0,000	0,6571	0,000	0,000	0,2
19,400	27,524	0,000	0,000	0,6571	0,000	0,000	0,3
19,450	27,524	0,000	-1,745	0,6571	0,000	-0,042	0,2
19,500	27,524	-0,175	-1,745	0,6571	-0,004	-0,042	0,2
19,550	27,506	-0,175	1,745	0,6567	-0,004	0,042	0,2
19,600	27,506	0,000	1,745	0,6567	0,000	0,042	0,3
19,650	27,506	0,000	0,000	0,6567	0,000	0,000	0,2
19,700	27,506	0,000	0,000	0,6567	0,000	0,000	0,3
19,750	27,506	0,000	0,000	0,6567	0,000	0,000	0,2
19,800	27,506	0,000	0,000	0,6567	0,000	0,000	0,3
19,850	27,506	0,000	0,000	0,6567	0,000	0,000	0,2
19,900	27,506	0,000	-1,745	0,6567	0,000	-0,042	0,3
19,950	27,506	-0,175	-17,453	0,6567	-0,004	-0,417	0,2
20,000	27,489	-1,745	-22,689	0,6562	-0,042	-0,542	0,3
20,050	27,332	-2,443	-3,491	0,6525	-0,058	-0,083	0,2
20,100	27,245	-2,094	1,745	0,6504	-0,050	0,042	0,3
20,150	27,122	-2,269	-1,745	0,6475	-0,054	-0,042	0,2
20,200	27,018	-2,269	-5,236	0,6450	-0,054	-0,125	0,3
20,250	26,896	-2,793	3,491	0,6421	-0,067	0,083	0,3
20,300	26,738	-1,920	22,689	0,6383	-0,046	0,542	0,3
20,350	26,704	-0,524	19,199	0,6375	-0,012	0,458	0,2
20,400	26,686	0,000	6,981	0,6371	0,000	0,167	0,3
20,450	26,704	0,175	1,745	0,6375	0,004	0,042	0,3
20,500	26,704	0,175	19,199	0,6375	0,004	0,458	0,4
20,550	26,721	2,094	40,143	0,6379	0,050	0,958	0,3
20,600	26,913	4,189	41,888	0,6425	0,100	1,000	0,4
20,650	27,140	6,283	38,397	0,6479	0,150	0,917	0,3
20,700	27,541	8,029	17,453	0,6575	0,192	0,417	0,4
20,750	27,943	8,029	-5,236	0,6671	0,192	-0,125	0,3
20,800	28,344	7,505	-13,963	0,6767	0,179	-0,333	0,3
20,850	28,693	6,632	-20,944	0,6850	0,158	-0,500	0,2
20,900	29,007	5,411	-22,689	0,6925	0,129	-0,542	0,2
20,950	29,234	4,363	-13,963	0,6979	0,104	-0,333	0,1
21,000	29,444	4,014	-5,236	0,7029	0,096	-0,125	0,2
21,050	29,636	3,840	-6,981	0,7075	0,092	-0,167	0,2
21,100	29,828	3,316	-12,217	0,7121	0,079	-0,292	0,2
21,150	29,967	2,618	-17,453	0,7154	0,062	-0,417	0,2
21,200	30,089	1,571	-22,689	0,7183	0,038	-0,542	0,1
21,250	30,124	0,349	-15,708	0,7192	0,008	-0,375	0,2
21,300	30,124	0,000	-5,236	0,7192	0,000	-0,125	0,2
21,350	30,124	-0,175	-1,745	0,7192	-0,004	-0,042	0,1
21,400	30,107	-0,175	1,745	0,7187	-0,004	0,042	0,1
21,450	30,107	0,000	1,745	0,7187	0,000	0,042	0,1
21,500	30,107	0,000	0,000	0,7187	0,000	0,000	0,1
21,550	30,107	0,000	0,000	0,7187	0,000	0,000	0,1
21,600	30,107	0,000	0,000	0,7187	0,000	0,000	0,1
21,650	30,107	0,000	-1,745	0,7187	0,000	-0,042	0,2
21,700	30,107	-0,175	-1,745	0,7187	-0,004	-0,042	0,1
21,750	30,089	-0,175	1,745	0,7183	-0,004	0,042	0,2
21,800	30,089	0,000	1,745	0,7183	0,000	0,042	0,1
21,850	30,089	0,000	0,000	0,7183	0,000	0,000	0,1
21,900	30,089	0,000	31,416	0,7183	0,000	0,750	0,2
21,950	30,089	3,142	59,341	0,7183	0,075	1,417	0,1
22,000	30,404	5,934	38,397	0,7258	0,142	0,917	0,2
22,050	30,683	6,981	19,199	0,7325	0,167	0,458	0,1
22,100	31,102	7,854	-1,745	0,7425	0,187	-0,042	0,1
22,150	31,468	6,807	-19,199	0,7512	0,162	-0,458	0,1
22,200	31,782	5,934	-15,708	0,7587	0,142	-0,375	0,1
22,250	32,062	5,236	-22,689	0,7654	0,125	-0,542	0,1
22,300	32,306	3,665	-22,689	0,7713	0,087	-0,542	0,1
22,350	32,428	2,967	-1,745	0,7742	0,071	-0,042	0,1
22,400	32,603	3,491	8,727	0,7783	0,083	0,208	0,0
22,450	32,777	3,840	12,217	0,7825	0,092	0,292	0,1
22,500	32,987	4,712	13,963	0,7875	0,113	0,333	0,0
22,550	33,249	5,236	-2,380E-12	0,7937	0,125	-3,997E-14	0,1
22,600	33,510	4,712	-8,727	0,8000	0,112	-0,208	0,1
22,650	33,720	4,363	-1,745	0,8050	0,104	-0,042	0,1
22,700	33,947	4,538	1,554E-12	0,8104	0,108	4,816E-14	0,1
22,750	34,174	4,363	-6,981	0,8158	0,104	-0,167	0,1
22,800	34,383	3,840	-15,708	0,8208	0,092	-0,375	0,1
22,850	34,558	2,793	-15,708	0,8250	0,067	-0,375	0,1
22,900	34,662	2,269	-5,236	0,8275	0,054	-0,125	0,1
22,950	34,784	2,269	-1,745	0,8304	0,054	-0,042	0,1
23,000	34,889	2,094	-8,082E-13	0,8329	0,050	-3,032E-14	0,0
23,050	34,994	2,269	-7,461E-13	0,8354	0,054	-1,776E-14	0,1
23,100	35,116	2,094	-1,745	0,8383	0,050	-0,042	0,0
23,150	35,203	2,094	-3,491	0,8404	0,050	-0,083	0,1
23,200	35,325	1,745	-5,236	0,8433	0,042	-0,125	0,0
23,250	35,378	1,571	1,745	0,8446	0,038	0,042	0,1
23,300	35,483	1,920	6,981	0,8471	0,046	0,167	0,0
23,350	35,570	2,269	10,472	0,8492	0,054	0,250	0,1
23,400	35,709	2,967	6,981	0,8525	0,071	0,167	0,1
23,450	35,867	2,967	-3,491	0,8562	0,071	-0,083	0,1
23,500	36,006	2,618	-5,236	0,8596	0,063	-0,125	0,0
23,550	36,128	2,443	-1,745	0,8625	0,058	-0,042	0,1
23,600	36,250	2,443	1,745	0,8654	0,058	0,042	0,1
23,650	36,373	2,618	1,745	0,8683	0,062	0,042	0,1
23,700	36,512	2,618	-1,745	0,8717	0,063	-0,042	0,1
23,750	36,634	2,443	-6,981	0,8746	0,058	-0,167	0,1
23,800	36,757	1,920	-12,217	0,8775	0,046	-0,292	0,0
23,850	36,826	1,222	-6,981	0,8792	0,029	-0,167	0,1
23,900	36,879	1,222	1,745	0,8804	0,029	0,042	0,1
23,950	36,949	1,396	6,981	0,8821	0,033	0,167	0,1
24,000	37,018	1,920	13,963	0,8837	0,046	0,333	0,0
24,050	37,141	2,793	12,217	0,8867	0,067	0,292	0,1
24,100	37,298	3,142	7,105E-13	0,8904	0,075	-1,110E-14	0,1
24,150	37,455	2,793	-5,236	0,8942	0,067	-0,125	0,0
24,200	37,577	2,618	1,745	0,8971	0,063	0,042	0,0
24,250	37,717	2,967	6,981	0,9004	0,071	0,167	0,1
24,300	37,874	3,316	6,981	0,9042	0,079	0,167	0,1
24,350	38,048	3,665	1,745	0,9083	0,087	0,042	0,1
24,400	38,240	3,491	-6,981	0,9129	0,083	-0,167	0,0
24,450	38,397	2,967	-12,217	0,9167	0,071	-0,292	0,1
24,500	38,537	2,269	-15,708	0,9200	0,054	-0,375	0,1
24,550	38,624	1,396	-10,472	0,9221	0,033	-0,250	0,1
24,600	38,676	1,222	7,105E-13	0,9233	0,029	1,110E-14	0,1
24,650	38,746	1,396	4,330E-13	0,9250	0,033	1,034E-14	0,1
24,700	38,816	1,222	-8,727	0,9267	0,029	-0,208	0,0
24,750	38,868	0,524	-12,217	0,9279	0,013	-0,292	0,1
24,800	38,868	0,000	-5,236	0,9279	0,000	-0,125	0,1
24,850	38,868	0,000	-1,745	0,9279	0,000	-0,042	0,2
24,900	38,868	-0,175	-1,745	0,9279	-0,004	-0,042	0,1
24,950	38,851	-0,175	1,745	0,9275	-0,004	0,042	0,1
25,000	38,851	0,000	1,745	0,9275	0,000	0,042	0,1
25,050	38,851	0,000	-1,745	0,9275	0,000	-0,042	0,1
25,100	38,851	-0,175	-1,745	0,9275	-0,004	-0,042	0,1
25,150	38,834	-0,175	-6,981	0,9271	-0,004	-0,167	0,1
25,200	38,834	-0,873	-20,944	0,9271	-0,021	-0,500	0,1
25,250	38,746	-2,269	-20,944	0,9250	-0,054	-0,500	0,1
25,300	38,607	-2,967	-15,708	0,9217	-0,071	-0,375	0,1
25,350	38,450	-3,840	-19,199	0,9179	-0,092	-0,458	0,1
25,400	38,223	-4,887	-10,472	0,9125	-0,117	-0,250	0,1
25,450	37,961	-4,887	-1,745	0,9062	-0,117	-0,042	0,1
25,500	37,734	-5,061	-1,745	0,9008	-0,121	-0,042	0,1
25,550	37,455	-5,061	-3,491	0,8942	-0,121	-0,083	0,1
25,600	37,228	-5,411	-19,199	0,8887	-0,129	-0,458	0,1
25,650	36,914	-6,981	-20,944	0,8812	-0,167	-0,500	0,1
25,700	36,530	-7,505	-10,472	0,8721	-0,179	-0,250	0,0
25,750	36,163	-8,029	-10,472	0,8633	-0,192	-0,250	0,1
25,800	35,727	-8,552	-1,745	0,8529	-0,204	-0,042	0,1
25,850	35,308	-8,203	5,236	0,8429	-0,196	0,125	0,1
25,900	34,907	-8,029	-2,203E-12	0,8333	-0,192	-5,829E-14	0,0
25,950	34,505	-8,203	6,981	0,8237	-0,196	0,167	0,1
26,000	34,086	-7,330	20,944	0,8137	-0,175	0,500	0,0
26,050	33,772	-6,109	17,453	0,8062	-0,146	0,417	0,1
26,100	33,475	-5,585	8,727	0,7992	-0,133	0,208	0,1
26,150	33,214	-5,236	6,981	0,7929	-0,125	0,167	0,1
26,200	32,952	-4,887	5,236	0,7867	-0,117	0,125	0,1
26,250	32,725	-4,712	1,745	0,7812	-0,113	0,042	0,1
26,300	32,481	-4,712	3,491	0,7754	-0,112	0,083	0,1
26,350	32,254	-4,363	3,491	0,7700	-0,104	0,083	0,1
26,400	32,044	-4,363	-5,236	0,7650	-0,104	-0,125	0,1
26,450	31,817	-4,887	-10,472	0,7596	-0,117	-0,250	0,1
26,500	31,556	-5,411	-1,745	0,7533	-0,129	-0,042	0,1
26,550	31,276	-5,061	12,217	0,7467	-0,121	0,292	0,1
26,600	31,049	-4,189	15,708	0,7412	-0,100	0,375	0,1
26,650	30,857	-3,491	12,217	0,7367	-0,083	0,292	0,1
26,700	30,700	-2,967	8,727	0,7329	-0,071	0,208	0,1
26,750	30,561	-2,618	12,217	0,7296	-0,063	0,292	0,1
26,800	30,439	-1,745	6,981	0,7267	-0,042	0,167	0,1
26,850	30,386	-1,920	-15,708	0,7254	-0,046	-0,375	0,1
26,900	30,247	-3,316	-22,689	0,7221	-0,079	-0,542	0,2
26,950	30,055	-4,189	-13,963	0,7175	-0,100	-0,333	0,1
27,000	29,828	-4,712	-6,981	0,7121	-0,113	-0,167	0,1
27,050	29,583	-4,887	1,670E-12	0,7062	-0,117	3,997E-14	0,1
27,100	29,339	-4,712	3,491	0,7004	-0,112	0,083	0,1
27,150	29,112	-4,538	1,745	0,6950	-0,108	0,042	0,1
27,200	28,885	-4,538	-3,491	0,6896	-0,108	-0,083	0,1
27,250	28,658	-4,887	5,236	0,6842	-0,117	0,125	0,2
27,300	28,397	-4,014	15,708	0,6779	-0,096	0,375	0,2
27,350	28,257	-3,316	10,472	0,6746	-0,079	0,250	0,2
27,400	28,065	-2,967	12,217	0,6700	-0,071	0,292	0,1
27,450	27,960	-2,094	6,981	0,6675	-0,050	0,167	0,2
27,500	27,855	-2,269	-1,745	0,6650	-0,054	-0,042	0,2
27,550	27,733	-2,269	-1,745	0,6621	-0,054	-0,042	0,2
27,600	27,629	-2,443	-1,745	0,6596	-0,058	-0,042	0,2
27,650	27,489	-2,443	8,727	0,6562	-0,058	0,208	0,2
27,700	27,384	-1,571	10,472	0,6537	-0,038	0,250	0,2
27,750	27,332	-1,396	-8,727	0,6525	-0,033	-0,208	0,2
27,800	27,245	-2,443	-15,708	0,6504	-0,058	-0,375	0,2
27,850	27,088	-2,967	-5,236	0,6467	-0,071	-0,125	0,2
27,900	26,948	-2,967	-3,491	0,6433	-0,071	-0,083	0,3
27,950	26,791	-3,316	-3,491	0,6396	-0,079	-0,083	0,3
28,000	26,616	-3,316	6,981	0,6354	-0,079	0,167	0,2
28,050	26,459	-2,618	8,727	0,6317	-0,062	0,208	0,3
28,100	26,354	-2,443	0,000	0,6292	-0,058	0,000	0,3
28,150	26,215	-2,618	-1,745	0,6258	-0,062	-0,042	0,3
28,200	26,093	-2,618	-1,745	0,6229	-0,063	-0,042	0,3
28,250	25,953	-2,793	-3,491	0,6196	-0,067	-0,083	0,4
28,300	25,813	-2,967	-6,981	0,6162	-0,071	-0,167	0,3
28,350	25,656	-3,491	-5,236	0,6125	-0,083	-0,125	0,4
28,400	25,464	-3,491	-1,745	0,6079	-0,083	-0,042	0,3
28,450	25,307	-3,665	-3,491	0,6042	-0,088	-0,083	0,5
28,500	25,098	-3,840	1,745	0,5992	-0,092	0,042	0,4
28,550	24,923	-3,491	5,236	0,5950	-0,083	0,125	0,9
28,600	24,749	-3,316	10,472	0,5908	-0,079	0,250	1,1
28,650	24,592	-2,443	13,963	0,5871	-0,058	0,333	3,1
28,700	24,504	-1,920	5,236	0,5850	-0,046	0,125	3,3
28,750	24,400	-1,920	-1,745	0,5825	-0,046	-0,042	5,8
28,800	24,312	-2,094	-3,491	0,5804	-0,050	-0,083	4,2
28,850	24,190	-2,269	-1,745	0,5775	-0,054	-0,042	4,8
28,900	24,086	-2,269	1,745	0,5750	-0,054	0,042	3,1
28,950	23,963	-2,094	3,491	0,5721	-0,050	0,083	3,3
29,000	23,876	-1,920	-1,745	0,5700	-0,046	-0,042	1,8
29,050	23,771	-2,269	-1,745	0,5675	-0,054	-0,042	1,4
29,100	23,649	-2,094	1,745	0,5646	-0,050	0,042	0,8
29,150	23,562	-2,094	-5,236	0,5625	-0,050	-0,125	0,7
29,200	23,440	-2,618	-6,981	0,5596	-0,063	-0,167	0,5
29,250	23,300	-2,793	9,326E-13	0,5562	-0,067	3,331E-14	0,6
29,300	23,161	-2,618	6,350E-13	0,5529	-0,062	3,469E-14	0,5
29,350	23,038	-2,793	-1,745	0,5500	-0,067	-0,042	0,5
29,400	22,881	-2,793	-6,350E-13	0,5463	-0,067	-3,469E-14	0,5
29,450	22,759	-2,793	-3,491	0,5433	-0,067	-0,083	0,5
29,500	22,602	-3,142	-5,236	0,5396	-0,075	-0,125	0,5
29,550	22,445	-3,316	1,119E-12	0,5358	-0,079	3,775E-14	0,4
29,600	22,270	-3,142	5,236	0,5317	-0,075	0,125	0,4
29,650	22,131	-2,793	6,981	0,5283	-0,067	0,167	0,4
29,700	21,991	-2,443	3,491	0,5250	-0,058	0,083	0,4
29,750	21,886	-2,443	-1,745	0,5225	-0,058	-0,042	0,3
29,800	21,747	-2,618	1,221E-12	0,5192	-0,062	9,576E-15	0,4
29,850	21,625	-2,443	3,491	0,5163	-0,058	0,083	0,3
29,900	21,502	-2,269	3,491	0,5133	-0,054	0,083	0,3
29,950	21,398	-2,094	6,981	0,5108	-0,050	0,167	0,3
30,000	21,293	-1,571	8,727	0,5083	-0,037	0,208	0,3
30,050	21,241	-1,222	5,236	0,5071	-0,029	0,125	0,3
30,100	21,171	-1,047	3,491	0,5054	-0,025	0,083	0,4
30,150	21,136	-0,873	1,745	0,5046	-0,021	0,042	0,3
30,200	21,084	-0,873	-1,745	0,5033	-0,021	-0,042	0,3
30,250	21,049	-1,047	-6,981	0,5025	-0,025	-0,167	0,3
30,300	20,979	-1,571	-3,491	0,5008	-0,037	-0,083	0,3
30,350	20,892	-1,396	5,236	0,4987	-0,033	0,125	0,3
30,400	20,839	-1,047	-1,399E-13	0,4975	-0,025	-6,939E-16	0,4
30,450	20,787	-1,396	-3,491	0,4962	-0,033	-0,083	0,3
30,500	20,700	-1,396	8,727	0,4942	-0,033	0,208	0,3
30,550	20,647	-0,524	13,963	0,4929	-0,013	0,333	0,2
30,600	20,647	0,000	3,491	0,4929	0,000	0,083	0,3
30,650	20,647	-0,175	-5,236	0,4929	-0,004	-0,125	0,2
30,700	20,630	-0,524	-1,745	0,4925	-0,013	-0,042	0,3
30,750	20,595	-0,349	3,491	0,4917	-0,008	0,083	0,2
30,800	20,595	-0,175	-2,315E-13	0,4917	-0,004	2,949E-15	0,4
30,850	20,577	-0,349	-3,491	0,4912	-0,008	-0,083	0,2
30,900	20,560	-0,524	-6,981	0,4908	-0,012	-0,167	0,3
30,950	20,525	-1,047	-6,981	0,4900	-0,025	-0,167	0,3
31,000	20,455	-1,222	3,730E-13	0,4883	-0,029	8,882E-15	0,3
31,050	20,403	-1,047	-1,745	0,4871	-0,025	-0,042	0,3
31,100	20,351	-1,396	-6,981	0,4858	-0,033	-0,167	0,3
31,150	20,263	-1,745	-3,491	0,4837	-0,042	-0,083	0,2
31,200	20,176	-1,745	1,745	0,4817	-0,042	0,042	0,3
31,250	20,089	-1,571	9,770E-13	0,4796	-0,038	1,478E-14	0,3
31,300	20,019	-1,745	-5,236	0,4779	-0,042	-0,125	0,3
31,350	19,914	-2,094	-8,727	0,4754	-0,050	-0,208	0,2
31,400	19,809	-2,618	-6,981	0,4729	-0,062	-0,167	0,3
31,450	19,652	-2,793	1,745	0,4692	-0,067	0,042	0,2
31,500	19,530	-2,443	1,745	0,4662	-0,058	0,042	0,3
31,550	19,408	-2,618	5,107E-13	0,4633	-0,062	1,513E-14	0,2
31,600	19,268	-2,443	0,000	0,4600	-0,058	0,000	0,3
31,650	19,164	-2,618	-5,236	0,4575	-0,062	-0,125	0,3
31,700	19,007	-2,967	-6,981	0,4538	-0,071	-0,167	0,3
31,750	18,867	-3,316	-13,963	0,4504	-0,079	-0,333	0,2
31,800	18,675	-4,363	-12,217	0,4458	-0,104	-0,292	0,4
31,850	18,431	-4,538	-3,491	0,4400	-0,108	-0,083	0,2
31,900	18,221	-4,712	-5,236	0,4350	-0,112	-0,125	0,5
31,950	17,959	-5,061	-3,553E-13	0,4287	-0,121	0,000	0,4
32,000	17,715	-4,712	6,981	0,4229	-0,112	0,167	0,9
32,050	17,488	-4,363	3,491	0,4175	-0,104	0,083	0,6
32,100	17,279	-4,363	6,981	0,4125	-0,104	0,167	0,7
32,150	17,052	-3,665	15,708	0,4071	-0,087	0,375	0,4
32,200	16,912	-2,793	10,472	0,4038	-0,067	0,250	0,4
32,250	16,773	-2,618	1,745	0,4004	-0,062	0,042	0,3
32,300	16,650	-2,618	-3,491	0,3975	-0,062	-0,083	0,4
32,350	16,511	-2,967	-6,981	0,3942	-0,071	-0,167	0,3
32,400	16,354	-3,316	-8,727	0,3904	-0,079	-0,208	0,4
32,450	16,179	-3,840	-5,236	0,3862	-0,092	-0,125	0,3
32,500	15,970	-3,840	5,236	0,3812	-0,092	0,125	0,4
32,550	15,795	-3,316	1,745	0,3771	-0,079	0,042	0,3
32,600	15,638	-3,665	-13,963	0,3733	-0,088	-0,333	0,4
32,650	15,429	-4,712	-10,472	0,3683	-0,112	-0,250	0,3
32,700	15,167	-4,712	6,981	0,3621	-0,112	0,167	0,4
32,750	14,957	-4,014	6,981	0,3571	-0,096	0,167	0,3
32,800	14,765	-4,014	-8,727	0,3525	-0,096	-0,208	0,4
32,850	14,556	-4,887	-20,944	0,3475	-0,117	-0,500	0,3
32,900	14,277	-6,109	-17,453	0,3408	-0,146	-0,417	0,4
32,950	13,945	-6,632	-6,981	0,3329	-0,158	-0,167	0,3
33,000	13,614	-6,807	-3,491	0,3250	-0,162	-0,083	0,4
33,050	13,265	-6,981	1,745	0,3167	-0,167	0,042	0,3
33,100	12,915	-6,632	10,472	0,3083	-0,158	0,250	0,4
33,150	12,601	-5,934	8,727	0,3008	-0,142	0,208	0,3
33,200	12,322	-5,760	1,745	0,2942	-0,137	0,042	0,5
33,250	12,025	-5,760	3,491	0,2871	-0,137	0,083	0,4
33,300	11,746	-5,411	5,236	0,2804	-0,129	0,125	0,5
33,350	11,484	-5,236	3,491	0,2742	-0,125	0,083	0,4
33,400	11,222	-5,061	3,491	0,2679	-0,121	0,083	0,5
33,450	10,978	-4,887	-1,745	0,2621	-0,117	-0,042	0,5
33,500	10,734	-5,236	-5,236	0,2562	-0,125	-0,125	0,6
33,550	10,455	-5,411	-1,745	0,2496	-0,129	-0,042	0,5
33,600	10,193	-5,411	3,491	0,2433	-0,129	0,083	0,7
33,650	9,913	-5,061	5,236	0,2367	-0,121	0,125	0,6
33,700	9,687	-4,887	3,491	0,2312	-0,117	0,083	0,7
33,750	9,425	-4,712	3,491	0,2250	-0,112	0,083	0,6
33,800	9,215	-4,538	-8,727	0,2200	-0,108	-0,208	0,7
33,850	8,971	-5,585	-15,708	0,2142	-0,133	-0,375	0,7
33,900	8,657	-6,109	-1,745	0,2067	-0,146	-0,042	0,8
33,950	8,360	-5,760	8,727	0,1996	-0,137	0,208	0,8
34,000	8,081	-5,236	8,727	0,1929	-0,125	0,208	0,8
34,050	7,837	-4,887	6,981	0,1871	-0,117	0,167	0,8
34,100	7,592	-4,538	5,236	0,1812	-0,108	0,125	1,0
34,150	7,383	-4,363	5,236	0,1762	-0,104	0,125	0,9
34,200	7,156	-4,014	5,236	0,1708	-0,096	0,125	1,1
34,250	6,981	-3,840	0,000	0,1667	-0,092	0,000	1,1
34,300	6,772	-4,014	3,491	0,1617	-0,096	0,083	1,2
34,350	6,580	-3,491	8,727	0,1571	-0,083	0,208	1,2
34,400	6,423	-3,142	3,491	0,1533	-0,075	0,083	1,3
34,450	6,266	-3,142	0,000	0,1496	-0,075	0,000	1,4
34,500	6,109	-3,142	1,745	0,1458	-0,075	0,042	1,4
34,550	5,952	-2,967	-2,323E-12	0,1421	-0,071	-5,052E-14	1,6
34,600	5,812	-3,142	-5,236	0,1387	-0,075	-0,125	1,6
34,650	5,637	-3,491	-5,236	0,1346	-0,083	-0,125	1,8
34,700	5,463	-3,665	-1,745	0,1304	-0,087	-0,042	1,7
34,750	5,271	-3,665	-1,745	0,1258	-0,087	-0,042	2,0
34,800	5,096	-3,840	-3,491	0,1217	-0,092	-0,083	1,8
34,850	4,887	-4,014	3,491	0,1167	-0,096	0,083	2,1
34,900	4,695	-3,491	8,727	0,1121	-0,083	0,208	2,0
34,950	4,538	-3,142	1,745	0,1083	-0,075	0,042	2,4
